9.845386431145389805e-01 9.615564776221882104e-01 9.236494297996532543e-01 8.714058771800303749e-01 8.056367226000273885e-01 7.273628077011978776e-01 6.377990678477930553e-01 5.383356744020488804e-01 4.305164570587219908e-01 3.160149411584778356e-01 1.966083719190543089e-01 7.415012876935012098e-02 -4.945904204025273337e-02 -1.723005300358004255e-01 -2.924676403987709339e-01 -4.080951888952008000e-01 -5.173884524946720243e-01 -6.186510263196082215e-01 -7.103111545408280492e-01 -7.909461265220785187e-01 -8.593043595466648421e-01 -9.143248253672254799e-01 -9.551535190477680182e-01 -9.811567144754141934e-01 -9.919308007952649664e-01 -9.873085470913199879e-01 -9.673616980756549744e-01 -9.323998604966462489e-01 -8.829656975509518890e-01 -8.198265058896013757e-01 -7.439623059564277607e-01 -6.565506305156787459e-01 -5.589482474750111507e-01 -4.526701006946463601e-01 -3.393657956547385113e-01 -2.207939949607428676e-01 -9.879512110912133660e-02 2.473720979017880739e-02 1.478855799405376370e-01 2.687385312254345626e-01 3.854202340715021657e-01 4.961196033000853656e-01 5.991184090430361486e-01 6.928179463967537588e-01 7.757638498591136189e-01 8.466686673898511373e-01 9.044318437091477536e-01 9.481568026619406897e-01 9.771648635025314000e-01 9.910057750966940748e-01 9.894647045337331415e-01 9.725655716741561374e-01 9.405706778754817643e-01 8.939766346589520518e-01 8.335066555106989128e-01 7.600993304608459900e-01 6.748940576768837074e-01 5.792133581961195210e-01 4.745423483005936083e-01 3.625056881558059163e-01 2.448423645069396359e-01 1.233786988451484740e-01 3.037856420878525181e-16 -1.233786988451452543e-01 -2.448423645069390253e-01 -3.625056881558061384e-01 -4.745423483005907772e-01 -5.792133581961168565e-01 -6.748940576768832633e-01 -7.600993304608456569e-01 -8.335066555106976915e-01 -8.939766346589513857e-01 -9.405706778754812092e-01 -9.725655716741556933e-01 -9.894647045337329194e-01 -9.910057750966940748e-01 -9.771648635025316221e-01 -9.481568026619414669e-01 -9.044318437091487528e-01 -8.466686673898513593e-01 -7.757638498591155063e-01 -6.928179463967542029e-01 -5.991184090430372589e-01 -4.961196033000873640e-01 -3.854202340715027209e-01 -2.687385312254351732e-01 -1.478855799405417448e-01 -2.473720979017853677e-02 9.879512110911897738e-02 2.207939949607405639e-01 3.393657956547379007e-01 4.526701006946442507e-01 5.589482474750113727e-01 6.565506305156765254e-01 7.439623059564267615e-01 8.198265058896017088e-01 8.829656975509510008e-01 9.323998604966454717e-01 9.673616980756547523e-01 9.873085470913196549e-01 9.919308007952650774e-01 9.811567144754144154e-01 9.551535190477681292e-01 9.143248253672262571e-01 8.593043595466663964e-01 7.909461265220794068e-01 7.103111545408281602e-01 6.186510263196101089e-01 5.173884524946733565e-01 4.080951888952022988e-01 2.924676403987708784e-01 1.723005300358027569e-01 4.945904204025378115e-02 -7.415012876935082875e-02 -1.966083719190528378e-01 -3.160149411584760593e-01 -4.305164570587214357e-01 -5.383356744020464379e-01 -6.377990678477918340e-01 -7.273628077011978776e-01 -8.056367226000271664e-01 -8.714058771800308190e-01 -9.236494297996514780e-01 -9.615564776221873222e-01 -9.845386431145392025e-01
9.615564776221882104e-01 9.391107866851142738e-01 9.020886061580143389e-01 8.510645790294522062e-01 7.868306791653718602e-01 7.103839186179939924e-01 6.229108724167075062e-01 5.257692610407554978e-01 4.204668764429685401e-01 3.086381787260918386e-01 1.920189267284304613e-01 7.241923629237695392e-02 -4.830451560575301645e-02 -1.682785047720933846e-01 -2.856405445200976279e-01 -3.985689897628316158e-01 -5.053110118353107971e-01 -6.042098051767669231e-01 -6.937303035819684105e-01 -7.724830068645706094e-01 -8.392455481048650690e-01 -8.929816667240255690e-01 -9.328572928926274210e-01 -9.582534936179045726e-01 -9.687760795659178248e-01 -9.642617235055185310e-01 -9.447804954061426175e-01 -9.106347748406983245e-01 -8.623545575747791903e-01 -8.006892291913839665e-01 -7.265959334375459155e-01 -6.412247158345795173e-01 -5.459006731467014317e-01 -4.421033857765878650e-01 -3.314439523297191825e-01 -2.156399828075452330e-01 -9.648893857474770408e-02 2.415976709334527114e-02 1.444334748394377199e-01 2.624653458690364149e-01 3.764233382508255787e-01 4.845386431145383144e-01 5.851331393713620210e-01 6.766454408160779144e-01 7.576551313185746483e-01 8.269048119361065430e-01 8.833196177401184679e-01 9.260239014255390311e-01 9.543548247464265222e-01 9.678726468173423081e-01 9.663675495896699719e-01 9.498628945606709673e-01 9.186148601659760438e-01 8.731084654837614201e-01 8.140500419690259726e-01 7.423562700686051619e-01 6.591399508860446010e-01 5.656927337426872482e-01 4.634650677306076938e-01 3.540436884411374829e-01 2.391269893106586497e-01 1.204986598594565417e-01 2.966943491767109377e-16 -1.204986598594533914e-01 -2.391269893106580668e-01 -3.540436884411377605e-01 -4.634650677306048627e-01 -5.656927337426846947e-01 -6.591399508860441570e-01 -7.423562700686048288e-01 -8.140500419690246403e-01 -8.731084654837607539e-01 -9.186148601659754886e-01 -9.498628945606705232e-01 -9.663675495896697498e-01 -9.678726468173423081e-01 -9.543548247464267442e-01 -9.260239014255398082e-01 -8.833196177401194671e-01 -8.269048119361067650e-01 -7.576551313185765357e-01 -6.766454408160783585e-01 -5.851331393713631313e-01 -4.845386431145402573e-01 -3.764233382508260783e-01 -2.624653458690370256e-01 -1.444334748394417167e-01 -2.415976709334500747e-02 9.648893857474540037e-02 2.156399828075429570e-01 3.314439523297185719e-01 4.421033857765858111e-01 5.459006731467016538e-01 6.412247158345774078e-01 7.265959334375449163e-01 8.006892291913842996e-01 8.623545575747783021e-01 9.106347748406975473e-01 9.447804954061423954e-01 9.642617235055183089e-01 9.687760795659179358e-01 9.582534936179046836e-01 9.328572928926275321e-01 8.929816667240264572e-01 8.392455481048666233e-01 7.724830068645714976e-01 6.937303035819685215e-01 6.042098051767688105e-01 5.053110118353121294e-01 3.985689897628331146e-01 2.856405445200975723e-01 1.682785047720956606e-01 4.830451560575403647e-02 -7.241923629237764781e-02 -1.920189267284290180e-01 -3.086381787260900622e-01 -4.204668764429679850e-01 -5.257692610407531664e-01 -6.229108724167062849e-01 -7.103839186179939924e-01 -7.868306791653716381e-01 -8.510645790294525392e-01 -9.020886061580125626e-01 -9.391107866851133856e-01 -9.615564776221884324e-01
9.236494297996532543e-01 9.020886061580143389e-01 8.665259359149131146e-01 8.175134081433557132e-01 7.558117750474186991e-01 6.823787438808811556e-01 5.983541118109566570e-01 5.050420744576271659e-01 4.038909827081253456e-01 2.964708620129211103e-01 1.844490430994144836e-01 6.956428235332687282e-02 -4.640022643946326714e-02 -1.616445300900500037e-01 -2.743798541361546217e-01 -3.828563674602074585e-01 -4.853903424449259041e-01 -5.803902890976714302e-01 -6.663816575005095943e-01 -7.420297251647550718e-01 -8.061603140419308922e-01 -8.577780156302674541e-01 -8.960816412941619014e-01 -9.204766579831310525e-01 -9.305844163281580261e-01 -9.262480278807404543e-01 -9.075348002705617700e-01 -8.747351924842753368e-01 -8.283583064811306240e-01 -7.691239851227228419e-01 -6.979516390695361672e-01 -6.159459760685692675e-01 -5.243798541361545107e-01 -4.246745247817763635e-01 -3.183775729293931156e-01 -2.071388959437239496e-01 -9.268509460507945441e-02 2.320732647451290848e-02 1.387395330218415268e-01 2.521182818648303181e-01 3.615837549120725081e-01 4.654368743221015126e-01 5.620656748875801911e-01 6.499703242931840208e-01 7.277864028930697282e-01 7.943060816688424230e-01 8.484968696524971543e-01 8.895176398246049665e-01 9.167316847403496061e-01 9.297165992394024192e-01 9.282708368442800229e-01 9.124168380814899892e-01 8.824006821689504010e-01 8.386882674760501866e-01 7.819580800416672250e-01 7.130906623942255829e-01 6.331549461344068153e-01 5.433916604205332179e-01 4.451940738832327327e-01 3.400863688854596778e-01 2.296999837936519184e-01 1.157482904655138395e-01 2.849978891718556279e-16 -1.157482904655108141e-01 -2.296999837936513356e-01 -3.400863688854598998e-01 -4.451940738832300126e-01 -5.433916604205307754e-01 -6.331549461344063712e-01 -7.130906623942252498e-01 -7.819580800416660038e-01 -8.386882674760495204e-01 -8.824006821689499569e-01 -9.124168380814895452e-01 -9.282708368442798008e-01 -9.297165992394024192e-01 -9.167316847403498281e-01 -8.895176398246057436e-01 -8.484968696524980425e-01 -7.943060816688426451e-01 -7.277864028930716156e-01 -6.499703242931844649e-01 -5.620656748875811903e-01 -4.654368743221033444e-01 -3.615837549120730077e-01 -2.521182818648309287e-01 -1.387395330218453848e-01 -2.320732647451265174e-02 9.268509460507724784e-02 2.071388959437217847e-01 3.183775729293925050e-01 4.246745247817743651e-01 5.243798541361547327e-01 6.159459760685671581e-01 6.979516390695352790e-01 7.691239851227231750e-01 8.283583064811298469e-01 8.747351924842746707e-01 9.075348002705616590e-01 9.262480278807401213e-01 9.305844163281580261e-01 9.204766579831312745e-01 8.960816412941620124e-01 8.577780156302682313e-01 8.061603140419323354e-01 7.420297251647559600e-01 6.663816575005097054e-01 5.803902890976730955e-01 4.853903424449271808e-01 3.828563674602089018e-01 2.743798541361545662e-01 1.616445300900521964e-01 4.640022643946424552e-02 -6.956428235332753895e-02 -1.844490430994131236e-01 -2.964708620129193894e-01 -4.038909827081248460e-01 -5.050420744576249454e-01 -5.983541118109554358e-01 -6.823787438808811556e-01 -7.558117750474184771e-01 -8.175134081433561573e-01 -8.665259359149114493e-01 -9.020886061580134507e-01 -9.236494297996534764e-01
8.714058771800303749e-01 8.510645790294522062e-01 8.175134081433557132e-01 7.712731319328797186e-01 7.130614728588651197e-01 6.437819682403812527e-01 5.645099459218010374e-01 4.764758334783265048e-01 3.810460600275797360e-01 2.797018470814480184e-01 1.740162176378175218e-01 6.562958036757386704e-02 -4.377573213096970506e-02 -1.525015758035243307e-01 -2.588603530301604172e-01 -3.612012068182487989e-01 -4.579356447225674809e-01 -5.475621947686689639e-01 -6.286897106804582025e-01 -7.000589646778700992e-01 -7.605621926901570129e-01 -8.092602886120675576e-01 -8.453973807207709745e-01 -8.684125640044154659e-01 -8.779486062979535710e-01 -8.738574930932013762e-01 -8.562027249588732847e-01 -8.252583319109941806e-01 -7.815046200322194325e-01 -7.256207163592822695e-01 -6.584740277537467490e-01 -5.811067773711119377e-01 -4.947198277036425895e-01 -4.006540412889618707e-01 -3.003694683957797151e-01 -1.954226847269273093e-01 -8.744263089446416282e-02 2.189467132341844230e-02 1.308921334999031127e-01 2.378579420648792020e-01 3.411318179361062519e-01 4.391107866851136632e-01 5.302740592439235678e-01 6.132066369645730042e-01 6.866212746434507963e-01 7.493784606094610057e-01 8.005041037533283665e-01 8.392046529673083954e-01 8.648794143175806415e-01 8.771298747672874319e-01 8.757658877312224366e-01 8.608086244525595676e-01 8.324902453915640210e-01 7.912502967268565390e-01 7.377288879012495748e-01 6.727567561074699887e-01 5.973423719287125344e-01 5.126562862749528549e-01 4.200129615753867562e-01 3.208503692357463910e-01 2.167076700403124667e-01 1.092013239341988878e-01 2.688778096925007300e-16 -1.092013239341960429e-01 -2.167076700403119394e-01 -3.208503692357466686e-01 -4.200129615753842582e-01 -5.126562862749505234e-01 -5.973423719287120903e-01 -6.727567561074697666e-01 -7.377288879012483536e-01 -7.912502967268559839e-01 -8.324902453915634659e-01 -8.608086244525592345e-01 -8.757658877312222145e-01 -8.771298747672874319e-01 -8.648794143175808635e-01 -8.392046529673090616e-01 -8.005041037533292547e-01 -7.493784606094611167e-01 -6.866212746434525727e-01 -6.132066369645734483e-01 -5.302740592439245670e-01 -4.391107866851154395e-01 -3.411318179361067515e-01 -2.378579420648797571e-01 -1.308921334999067487e-01 -2.189467132341820291e-02 8.744263089446208115e-02 1.954226847269252554e-01 3.003694683957791600e-01 4.006540412889600389e-01 4.947198277036427561e-01 5.811067773711100504e-01 6.584740277537458608e-01 7.256207163592824916e-01 7.815046200322186554e-01 8.252583319109934035e-01 8.562027249588730626e-01 8.738574930932010432e-01 8.779486062979536820e-01 8.684125640044155769e-01 8.453973807207710855e-01 8.092602886120683348e-01 7.605621926901584562e-01 7.000589646778708763e-01 6.286897106804582025e-01 5.475621947686706292e-01 4.579356447225686466e-01 3.612012068182501867e-01 2.588603530301603617e-01 1.525015758035263846e-01 4.377573213097062793e-02 -6.562958036757447766e-02 -1.740162176378162451e-01 -2.797018470814464086e-01 -3.810460600275792364e-01 -4.764758334783243954e-01 -5.645099459218000382e-01 -6.437819682403812527e-01 -7.130614728588648976e-01 -7.712731319328801627e-01 -8.175134081433541589e-01 -8.510645790294514290e-01 -8.714058771800305969e-01
8.056367226000273885e-01 7.868306791653718602e-01 7.558117750474186991e-01 7.130614728588651197e-01 6.592433251258422722e-01 5.951926748997848904e-01 5.219036899077512670e-01 4.405139314917536630e-01 3.522866978516491221e-01 2.585914156524761198e-01 1.608823843496073602e-01 6.067620315352056232e-02 -4.047176899648680798e-02 -1.409915550710799381e-01 -2.393229284856190353e-01 -3.339396302925202176e-01 -4.233730591419913036e-01 -5.062350663053545308e-01 -5.812395019460294687e-01 -6.472221782058602546e-01 -7.031589392480063205e-01 -7.481815577806608664e-01 -7.815912113223209001e-01 -8.028693290355934931e-01 -8.116856407694587050e-01 -8.079033033760865123e-01 -7.915810247336336758e-01 -7.629721525068171584e-01 -7.225207417891459372e-01 -6.708546626632425625e-01 -6.087758546608583732e-01 -5.372478793888206816e-01 -4.573809645239176880e-01 -3.704147713176478840e-01 -2.776991530864947322e-01 -1.806732033465198728e-01 -8.084291879843016893e-02 2.024217613092759924e-02 1.210130803664538207e-01 2.199056695711805454e-01 3.153849738379203571e-01 4.059690028579276966e-01 4.902517487621066428e-01 5.669250095941913425e-01 6.347986946809631714e-01 6.928192967279371839e-01 7.400862439242715807e-01 7.758658782463045966e-01 7.996028429942458882e-01 8.109287028094006589e-01 8.096676623755669766e-01 7.958392950412964684e-01 7.696582390104654836e-01 7.315308658167635203e-01 6.820489727926590806e-01 6.219805974357374145e-01 5.522580962480142519e-01 4.739636730835665168e-01 3.883125816274679565e-01 2.966342627302389068e-01 2.003517093762911261e-01 1.009593795748019440e-01 2.485843199515022609e-16 -1.009593795747993072e-01 -2.003517093762906265e-01 -2.966342627302391288e-01 -3.883125816274656250e-01 -4.739636730835643519e-01 -5.522580962480139188e-01 -6.219805974357371925e-01 -6.820489727926579704e-01 -7.315308658167629652e-01 -7.696582390104650395e-01 -7.958392950412961353e-01 -8.096676623755667546e-01 -8.109287028094006589e-01 -7.996028429942459992e-01 -7.758658782463052628e-01 -7.400862439242723578e-01 -6.928192967279374059e-01 -6.347986946809648368e-01 -5.669250095941916756e-01 -4.902517487621075309e-01 -4.059690028579293064e-01 -3.153849738379208012e-01 -2.199056695711810172e-01 -1.210130803664571791e-01 -2.024217613092737719e-02 8.084291879842825379e-02 1.806732033465179854e-01 2.776991530864942326e-01 3.704147713176461632e-01 4.573809645239178545e-01 5.372478793888189053e-01 6.087758546608575960e-01 6.708546626632427845e-01 7.225207417891452710e-01 7.629721525068166033e-01 7.915810247336334537e-01 8.079033033760862903e-01 8.116856407694587050e-01 8.028693290355937151e-01 7.815912113223210111e-01 7.481815577806616435e-01 7.031589392480076528e-01 6.472221782058610318e-01 5.812395019460295797e-01 5.062350663053560851e-01 4.233730591419923583e-01 3.339396302925214943e-01 2.393229284856189798e-01 1.409915550710818533e-01 4.047176899648766840e-02 -6.067620315352113131e-02 -1.608823843496061667e-01 -2.585914156524746765e-01 -3.522866978516486780e-01 -4.405139314917516646e-01 -5.219036899077502678e-01 -5.951926748997848904e-01 -6.592433251258420501e-01 -7.130614728588654527e-01 -7.558117750474172558e-01 -7.868306791653710830e-01 -8.056367226000276105e-01
7.273628077011978776e-01 7.103839186179939924e-01 6.823787438808811556e-01 6.437819682403812527e-01 5.951926748997848904e-01 5.373650467932121755e-01 4.711966604697375716e-01 3.977145542810738843e-01 3.180592871166500468e-01 2.334672351198085194e-01 1.452514011681791950e-01 5.478103498554633827e-02 -3.653961978658932380e-02 -1.272931216785813391e-01 -2.160708323334402658e-01 -3.014947808093613735e-01 -3.822390518753068789e-01 -4.570503663193521415e-01 -5.247675338307566939e-01 -5.843394765161659121e-01 -6.348415432963637750e-01 -6.754898619582599961e-01 -7.056535060954832739e-01 -7.248642880873642502e-01 -7.328240261137263234e-01 -7.294091724098910046e-01 -7.146727309240303860e-01 -6.888434346117854323e-01 -6.523221951378406214e-01 -6.056758800907214857e-01 -5.496285142983169392e-01 -4.850500418136647340e-01 -4.129428230028245328e-01 -3.344260763214523813e-01 -2.507185062683868204e-01 -1.631193871579975641e-01 -7.298839632112882891e-02 1.827549024460664237e-02 1.092557122022028981e-01 1.985401121394963497e-01 2.847428544930019623e-01 3.665259359149126706e-01 4.426199532081955268e-01 5.118438064784976982e-01 5.731230316786768419e-01 6.255064779957743015e-01 6.681810712209128589e-01 7.004844339512096285e-01 7.219151667381242810e-01 7.321406306025254329e-01 7.310021101194746906e-01 7.185172769334728926e-01 6.948799154664958566e-01 6.604569150762682472e-01 6.157825753512511380e-01 5.615503129332042320e-01 4.986018985905898981e-01 4.279143916005299086e-01 3.505849742384199441e-01 2.678139217680120532e-01 1.808859722647262747e-01 9.115038544209530524e-02 2.244324071113431619e-16 -9.115038544209293214e-02 -1.808859722647258306e-01 -2.678139217680122197e-01 -3.505849742384178347e-01 -4.279143916005279658e-01 -4.986018985905895651e-01 -5.615503129332040100e-01 -6.157825753512501388e-01 -6.604569150762676921e-01 -6.948799154664955235e-01 -7.185172769334725595e-01 -7.310021101194744686e-01 -7.321406306025254329e-01 -7.219151667381245030e-01 -7.004844339512101836e-01 -6.681810712209136360e-01 -6.255064779957744125e-01 -5.731230316786782852e-01 -5.118438064784980313e-01 -4.426199532081963595e-01 -3.665259359149141694e-01 -2.847428544930023508e-01 -1.985401121394967938e-01 -1.092557122022059235e-01 -1.827549024460644461e-02 7.298839632112708031e-02 1.631193871579958710e-01 2.507185062683863763e-01 3.344260763214508270e-01 4.129428230028246993e-01 4.850500418136631242e-01 5.496285142983161620e-01 6.056758800907217077e-01 6.523221951378399552e-01 6.888434346117848772e-01 7.146727309240302750e-01 7.294091724098907825e-01 7.328240261137263234e-01 7.248642880873643612e-01 7.056535060954833849e-01 6.754898619582606623e-01 6.348415432963649963e-01 5.843394765161665783e-01 5.247675338307568049e-01 4.570503663193535293e-01 3.822390518753078781e-01 3.014947808093624837e-01 2.160708323334402103e-01 1.272931216785830599e-01 3.653961978659010096e-02 -5.478103498554685868e-02 -1.452514011681781125e-01 -2.334672351198071594e-01 -3.180592871166496582e-01 -3.977145542810721079e-01 -4.711966604697366834e-01 -5.373650467932121755e-01 -5.951926748997846683e-01 -6.437819682403815857e-01 -6.823787438808799344e-01 -7.103839186179933263e-01 -7.273628077011980997e-01
6.377990678477930553e-01 6.229108724167075062e-01 5.983541118109566570e-01 5.645099459218010374e-01 5.219036899077512670e-01 4.711966604697375716e-01 4.131759111665350148e-01 3.487420160946341219e-01 2.788950915492333094e-01 2.047192726323531498e-01 1.273658857557475044e-01 4.803557822806898969e-02 -3.204031769654788059e-02 -1.116188970489495197e-01 -1.894649740023241491e-01 -2.643702539162268161e-01 -3.351720879867218228e-01 -4.007715194007094306e-01 -4.601503408894886960e-01 -5.123868989212605474e-01 -5.566703992264193657e-01 -5.923134916111866266e-01 -6.187629387233033462e-01 -6.356082031736162152e-01 -6.425878197277965498e-01 -6.395934536616704191e-01 -6.266715822880429831e-01 -6.040227735550539601e-01 -5.719985729133613139e-01 -5.310960467729145540e-01 -4.819500672435283462e-01 -4.253234579123214565e-01 -3.620951536111982061e-01 -2.932465579535651345e-01 -2.198463103929541307e-01 -1.430336992429957765e-01 -6.400097811496140154e-02 1.602513975014776410e-02 9.580252201764727360e-02 1.740928971240255918e-01 2.496810742164887187e-01 3.213938048432692929e-01 3.881179936313039480e-01 4.488179752926819144e-01 5.025515897933080511e-01 5.484848061716530720e-01 5.859046680227120163e-01 6.142303597127332093e-01 6.330222215594890622e-01 6.419885740481985348e-01 6.409902451604315710e-01 6.300427305446743009e-01 6.093159529992756562e-01 5.791316250009838074e-01 5.399582552168132876e-01 4.924038765061045653e-01 4.372066082857185565e-01 3.752231997454438250e-01 3.074157317410752266e-01 2.348366837729068124e-01 1.586125978338143727e-01 7.992659268992712007e-02 1.967969471835497005e-16 -7.992659268992502453e-02 -1.586125978338139841e-01 -2.348366837729069789e-01 -3.074157317410733947e-01 -3.752231997454421042e-01 -4.372066082857182234e-01 -4.924038765061043432e-01 -5.399582552168125105e-01 -5.791316250009833633e-01 -6.093159529992753232e-01 -6.300427305446739679e-01 -6.409902451604314599e-01 -6.419885740481985348e-01 -6.330222215594891733e-01 -6.142303597127337644e-01 -5.859046680227125714e-01 -5.484848061716531831e-01 -5.025515897933092724e-01 -4.488179752926821919e-01 -3.881179936313046697e-01 -3.213938048432705696e-01 -2.496810742164890518e-01 -1.740928971240259804e-01 -9.580252201764992426e-02 -1.602513975014759062e-02 6.400097811495987499e-02 1.430336992429942777e-01 2.198463103929537421e-01 2.932465579535638023e-01 3.620951536111983171e-01 4.253234579123200132e-01 4.819500672435276800e-01 5.310960467729147760e-01 5.719985729133607588e-01 6.040227735550534049e-01 6.266715822880427611e-01 6.395934536616701971e-01 6.425878197277966608e-01 6.356082031736164373e-01 6.187629387233033462e-01 5.923134916111871817e-01 5.566703992264203649e-01 5.123868989212611025e-01 4.601503408894887515e-01 4.007715194007106518e-01 3.351720879867226555e-01 2.643702539162278153e-01 1.894649740023241213e-01 1.116188970489510324e-01 3.204031769654856060e-02 -4.803557822806944072e-02 -1.273658857557465607e-01 -2.047192726323519563e-01 -2.788950915492329208e-01 -3.487420160946325121e-01 -4.131759111665342377e-01 -4.711966604697375716e-01 -5.219036899077510450e-01 -5.645099459218013704e-01 -5.983541118109554358e-01 -6.229108724167068400e-01 -6.377990678477931663e-01
5.383356744020488804e-01 5.257692610407554978e-01 5.050420744576271659e-01 4.764758334783265048e-01 4.405139314917536630e-01 3.977145542810738843e-01 3.487420160946341219e-01 2.943564484346943844e-01 2.354020016103370860e-01 1.727937421851722666e-01 1.075034496922429167e-01 4.054453307365299408e-02 -2.704369903429091476e-02 -9.421217002029054488e-02 -1.599183186317364169e-01 -2.231422811796844319e-01 -2.829027214416288682e-01 -3.382720625568585437e-01 -3.883908844912131175e-01 -4.324812635997422050e-01 -4.698588472360828994e-01 -4.999434759914627713e-01 -5.222681886893193459e-01 -5.364864703637356458e-01 -5.423776307215601999e-01 -5.398502296059484173e-01 -5.289434962926937711e-01 -5.098267205896186427e-01 -4.827966251901279482e-01 -4.482727600661675083e-01 -4.067909903869192378e-01 -3.589951790410621513e-01 -3.056271928630608370e-01 -2.475153876827013155e-01 -1.855617509281730637e-01 -1.207279013499179127e-01 -5.402016317171972476e-02 1.352605365808035032e-02 8.086232467196877161e-02 1.469434840946406973e-01 2.107438474742928669e-01 2.712731319328793855e-01 3.275918269277556805e-01 3.788257769461149116e-01 4.241797497856573118e-01 4.629497798202459879e-01 4.945340946634728119e-01 5.184424556309917831e-01 5.343037670228071301e-01 5.418718361173950893e-01 5.410291944733980340e-01 5.317889212262342236e-01 5.142944400791620296e-01 4.888172931398208076e-01 4.557529261558369016e-01 4.156145505693282227e-01 3.690251776609571599e-01 3.167079484262641520e-01 2.594749092799316648e-01 1.982144078068770188e-01 1.338773041981059786e-01 6.746221239172146833e-02 1.661068863581394390e-16 -6.746221239171970585e-02 -1.338773041981056455e-01 -1.982144078068771853e-01 -2.594749092799301105e-01 -3.167079484262627087e-01 -3.690251776609569379e-01 -4.156145505693280562e-01 -4.557529261558361799e-01 -4.888172931398204191e-01 -5.142944400791616966e-01 -5.317889212262338905e-01 -5.410291944733978120e-01 -5.418718361173950893e-01 -5.343037670228072411e-01 -5.184424556309921162e-01 -4.945340946634733670e-01 -4.629497798202460990e-01 -4.241797497856583665e-01 -3.788257769461151336e-01 -3.275918269277562911e-01 -2.712731319328804958e-01 -2.107438474742931722e-01 -1.469434840946410303e-01 -8.086232467197101981e-02 -1.352605365808020113e-02 5.402016317171843413e-02 1.207279013499166359e-01 1.855617509281727306e-01 2.475153876827001775e-01 3.056271928630609480e-01 3.589951790410609300e-01 4.067909903869186827e-01 4.482727600661677303e-01 4.827966251901274486e-01 5.098267205896181986e-01 5.289434962926936601e-01 5.398502296059483063e-01 5.423776307215601999e-01 5.364864703637357568e-01 5.222681886893193459e-01 4.999434759914632709e-01 4.698588472360837875e-01 4.324812635997426491e-01 3.883908844912131730e-01 3.382720625568595985e-01 2.829027214416295899e-01 2.231422811796852645e-01 1.599183186317363892e-01 9.421217002029182164e-02 2.704369903429148722e-02 -4.054453307365337572e-02 -1.075034496922421257e-01 -1.727937421851712674e-01 -2.354020016103368085e-01 -2.943564484346930521e-01 -3.487420160946334557e-01 -3.977145542810738843e-01 -4.405139314917535520e-01 -4.764758334783267824e-01 -5.050420744576261667e-01 -5.257692610407550537e-01 -5.383356744020489915e-01
4.305164570587219908e-01 4.204668764429685401e-01 4.038909827081253456e-01 3.810460600275797360e-01 3.522866978516491221e-01 3.180592871166500468e-01 2.788950915492333094e-01 2.354020016103370860e-01 1.882550990706332861e-01 1.381861786702268391e-01 8.597238950307772853e-02 3.242417242988276938e-02 -2.162731925008942735e-02 -7.534312061707768016e-02 -1.278894771976511191e-01 -1.784507861571383303e-01 -2.262422557498208198e-01 -2.705220865321327772e-01 -3.106029852671119973e-01 -3.458628328060355805e-01 -3.757543403647852776e-01 -3.998135443142157297e-01 -4.176670076318949043e-01 -4.290376162372631641e-01 -4.337488802418872913e-01 -4.317276733525834964e-01 -4.230053679075240769e-01 -4.077173479277676482e-01 -3.861009077424249480e-01 -3.584915688041321880e-01 -3.253178718637015909e-01 -2.870947253376590069e-01 -2.444154131125642615e-01 -1.979423858376699041e-01 -1.483969786396642232e-01 -9.654821485689699112e-02 -4.320086957687661877e-02 1.081702175010223685e-02 6.466701573507234457e-02 1.175132750222369488e-01 1.685355418110313364e-01 2.169418695587788104e-01 2.619809152476904046e-01 3.029536014207316330e-01 3.392239669730521268e-01 3.702290382774773292e-01 3.954875674285253107e-01 4.146075019735470102e-01 4.272920701888974770e-01 4.333443874480065183e-01 4.326705121831975753e-01 4.252809040078856517e-01 4.112902613667791529e-01 3.909157412340151794e-01 3.644735884923354652e-01 3.323742273106900513e-01 2.951158907098727635e-01 2.532768871954452772e-01 2.075066244920668046e-01 1.585155297051303869e-01 1.070640223647827127e-01 5.395071150818088468e-02 1.328385830781007290e-16 -5.395071150817947608e-02 -1.070640223647824490e-01 -1.585155297051304979e-01 -2.075066244920655556e-01 -2.532768871954441114e-01 -2.951158907098725970e-01 -3.323742273106899403e-01 -3.644735884923349101e-01 -3.909157412340148463e-01 -4.112902613667789309e-01 -4.252809040078854297e-01 -4.326705121831975198e-01 -4.333443874480065183e-01 -4.272920701888975881e-01 -4.146075019735473433e-01 -3.954875674285257547e-01 -3.702290382774774402e-01 -3.392239669730529594e-01 -3.029536014207317995e-01 -2.619809152476908487e-01 -2.169418695587796708e-01 -1.685355418110315862e-01 -1.175132750222372263e-01 -6.466701573507413481e-02 -1.081702175010211715e-02 4.320086957687558488e-02 9.654821485689597804e-02 1.483969786396639734e-01 1.979423858376689882e-01 2.444154131125643725e-01 2.870947253376580077e-01 3.253178718637011468e-01 3.584915688041322990e-01 3.861009077424245595e-01 4.077173479277673152e-01 4.230053679075239659e-01 4.317276733525833854e-01 4.337488802418873468e-01 4.290376162372632751e-01 4.176670076318949598e-01 3.998135443142161183e-01 3.757543403647859437e-01 3.458628328060359691e-01 3.106029852671120528e-01 2.705220865321335544e-01 2.262422557498213749e-01 1.784507861571390241e-01 1.278894771976510913e-01 7.534312061707870711e-02 2.162731925008988532e-02 -3.242417242988308163e-02 -8.597238950307709016e-02 -1.381861786702260342e-01 -1.882550990706330363e-01 -2.354020016103360313e-01 -2.788950915492327542e-01 -3.180592871166500468e-01 -3.522866978516490666e-01 -3.810460600275799026e-01 -4.038909827081245685e-01 -4.204668764429681516e-01 -4.305164570587220463e-01
3.160149411584778356e-01 3.086381787260918386e-01 2.964708620129211103e-01 2.797018470814480184e-01 2.585914156524761198e-01 2.334672351198085194e-01 2.047192726323531498e-01 1.727937421851722666e-01 1.381861786702268391e-01 1.014337463885387619e-01 6.310690140786670566e-02 2.380053717933511975e-02 -1.587524915290380867e-02 -5.530462642744991830e-02 -9.387558814247989880e-02 -1.309894517677874237e-01 -1.660701512476419894e-01 -1.985731784600744676e-01 -2.279940348469552402e-01 -2.538760620321552364e-01 -2.758175298841682443e-01 -2.934778720052176326e-01 -3.065829718621596034e-01 -3.149294175100466608e-01 -3.183876588682864606e-01 -3.169040185434630064e-01 -3.105015249876574290e-01 -2.992795550603303822e-01 -2.834122915417721100e-01 -2.631460195399586977e-01 -2.387953037548721513e-01 -2.107381059352040342e-01 -1.794099183122673247e-01 -1.452970040695281684e-01 -1.089288497663931793e-01 -7.086994686662292930e-02 -3.171102993507540768e-02 7.940092500116147436e-03 4.746797210036929338e-02 8.625907345146374694e-02 1.237112971067228784e-01 1.592433251258419946e-01 1.923036440517547907e-01 2.223791052746281194e-01 2.490028899125511508e-01 2.717617545813317270e-01 2.903024455875512500e-01 3.043371819864313932e-01 3.136481223987462874e-01 3.180907462547000741e-01 3.175960969824941915e-01 3.121718523237426712e-01 3.019022051627388015e-01 2.869465567192939770e-01 2.675370423888682181e-01 2.439749286328805333e-01 2.166259368451773915e-01 1.859145667756756659e-01 1.523175076206447209e-01 1.163562390499721655e-01 7.858893701520421049e-02 3.960180997306288891e-02 9.750841420047197734e-17 -3.960180997306185502e-02 -7.858893701520401620e-02 -1.163562390499722488e-01 -1.523175076206438050e-01 -1.859145667756748332e-01 -2.166259368451772527e-01 -2.439749286328804223e-01 -2.675370423888677740e-01 -2.869465567192937550e-01 -3.019022051627385794e-01 -3.121718523237425047e-01 -3.175960969824941360e-01 -3.180907462547000741e-01 -3.136481223987463429e-01 -3.043371819864316707e-01 -2.903024455875515275e-01 -2.717617545813317825e-01 -2.490028899125517892e-01 -2.223791052746282582e-01 -1.923036440517551515e-01 -1.592433251258426330e-01 -1.237112971067230449e-01 -8.625907345146394123e-02 -4.746797210037061177e-02 -7.940092500116058966e-03 3.171102993507465828e-02 7.086994686662219378e-02 1.089288497663929850e-01 1.452970040695275022e-01 1.794099183122674079e-01 2.107381059352033403e-01 2.387953037548718460e-01 2.631460195399588087e-01 2.834122915417717770e-01 2.992795550603301602e-01 3.105015249876573180e-01 3.169040185434628953e-01 3.183876588682865161e-01 3.149294175100467164e-01 3.065829718621596034e-01 2.934778720052179102e-01 2.758175298841687439e-01 2.538760620321555139e-01 2.279940348469552958e-01 1.985731784600750782e-01 1.660701512476424058e-01 1.309894517677879233e-01 9.387558814247987105e-02 5.530462642745067464e-02 1.587524915290414521e-02 -2.380053717933534527e-02 -6.310690140786623381e-02 -1.014337463885381790e-01 -1.381861786702266726e-01 -1.727937421851714894e-01 -2.047192726323527612e-01 -2.334672351198085194e-01 -2.585914156524760643e-01 -2.797018470814481295e-01 -2.964708620129204997e-01 -3.086381787260915610e-01 -3.160149411584779466e-01
1.966083719190543089e-01 1.920189267284304613e-01 1.844490430994144836e-01 1.740162176378175218e-01 1.608823843496073602e-01 1.452514011681791950e-01 1.273658857557475044e-01 1.075034496922429167e-01 8.597238950307772853e-02 6.310690140786670566e-02 3.926189406479616006e-02 1.480747982507998363e-02 -9.876769998025235892e-03 -3.440771667830595792e-02 -5.840460099758642415e-02 -8.149495323298347471e-02 -1.033203744780409050e-01 -1.235420995624646051e-01 -1.418462552251177067e-01 -1.579487319250880151e-01 -1.715995936725874249e-01 -1.825869574321122013e-01 -1.907402818833693059e-01 -1.959330144931828999e-01 -1.980845558116223482e-01 -1.971615105033604209e-01 -1.931782056962693117e-01 -1.861964686016618076e-01 -1.763246668578642429e-01 -1.637160264925118514e-01 -1.485662536114613352e-01 -1.311104967294807466e-01 -1.116196968921673721e-01 -9.039638224099132147e-02 -6.776997229648638876e-02 -4.409166484457159585e-02 -1.972898478963044933e-02 4.939920415192208293e-03 2.953215021650671887e-02 5.366599418485575729e-02 7.696685676627440520e-02 9.907307159969863664e-02 1.196415151527797927e-01 1.383529325435747248e-01 1.549168928829073866e-01 1.690762972226252381e-01 1.806113691392376153e-01 1.893430660127507492e-01 1.951358580522338793e-01 1.978998319332340161e-01 1.975920863952451423e-01 1.942173981373473690e-01 1.878281476762574398e-01 1.785235063175919235e-01 1.664478968598389619e-01 1.517887519233558913e-01 1.347736046986828251e-01 1.156665572703770156e-01 9.476418133358156803e-02 7.239091493071829475e-02 4.889402665825152289e-02 2.463822550702452277e-02 6.066476000813382351e-17 -2.463822550702387745e-02 -4.889402665825139799e-02 -7.239091493071835026e-02 -9.476418133358099904e-02 -1.156665572703764883e-01 -1.347736046986827418e-01 -1.517887519233558358e-01 -1.664478968598386843e-01 -1.785235063175917847e-01 -1.878281476762573288e-01 -1.942173981373472857e-01 -1.975920863952450868e-01 -1.978998319332340161e-01 -1.951358580522339348e-01 -1.893430660127509157e-01 -1.806113691392378096e-01 -1.690762972226252936e-01 -1.549168928829077752e-01 -1.383529325435748081e-01 -1.196415151527800147e-01 -9.907307159969903909e-02 -7.696685676627451622e-02 -5.366599418485588219e-02 -2.953215021650753766e-02 -4.939920415192153649e-03 1.972898478962997748e-02 4.409166484457113094e-02 6.776997229648627774e-02 9.039638224099089125e-02 1.116196968921674276e-01 1.311104967294803025e-01 1.485662536114611409e-01 1.637160264925119069e-01 1.763246668578640486e-01 1.861964686016616688e-01 1.931782056962692840e-01 1.971615105033603654e-01 1.980845558116223482e-01 1.959330144931829554e-01 1.907402818833693336e-01 1.825869574321123956e-01 1.715995936725877302e-01 1.579487319250881816e-01 1.418462552251177344e-01 1.235420995624649798e-01 1.033203744780411687e-01 8.149495323298378002e-02 5.840460099758641721e-02 3.440771667830642283e-02 9.876769998025444058e-03 -1.480747982508012414e-02 -3.926189406479586863e-02 -6.310690140786634483e-02 -8.597238950307761751e-02 -1.075034496922424310e-01 -1.273658857557472823e-01 -1.452514011681791950e-01 -1.608823843496073325e-01 -1.740162176378176051e-01 -1.844490430994141505e-01 -1.920189267284302670e-01 -1.966083719190543366e-01
7.415012876935012098e-02 7.241923629237695392e-02 6.956428235332687282e-02 6.562958036757386704e-02 6.067620315352056232e-02 5.478103498554633827e-02 4.803557822806898969e-02 4.054453307365299408e-02 3.242417242988276938e-02 2.380053717933511975e-02 1.480747982507998363e-02 5.584586887435715082e-03 -3.724987700322074120e-03 -1.297674456816169664e-02 -2.202708176880965180e-02 -3.073552370783986382e-02 -3.896690154780597243e-02 -4.659345124308421349e-02 -5.349679664059736606e-02 -5.956978686554993685e-02 -6.471815947303187488e-02 -6.886200355073919532e-02 -7.193700006313549777e-02 -7.389542018494499320e-02 -7.470686612825681860e-02 -7.435874296442866738e-02 -7.285645411736481336e-02 -7.022331749380314458e-02 -6.650020355240163217e-02 -6.174490092936670005e-02 -5.603121946712051604e-02 -4.944784456842481885e-02 -4.209696065820436872e-02 -3.409266511912602965e-02 -2.555919731916941884e-02 -1.662901021949390185e-02 -7.440714494304147275e-03 1.863072926760471438e-03 1.113794249967815612e-02 2.023993353131770673e-02 2.902776867783151554e-02 3.736504679321203670e-02 4.512236009151857075e-02 5.217930276105926107e-02 5.842633985364856231e-02 6.376650744081335809e-02 6.811691764782462633e-02 7.141004520504022623e-02 7.359477554723839465e-02 7.463719819277893353e-02 7.452113308808715197e-02 7.324838174775991084e-02 7.083869929220047712e-02 6.732948781680245243e-02 6.277521585207954113e-02 5.724657292564146183e-02 5.082937234855513381e-02 4.362321925658881744e-02 3.573996458045090169e-02 2.730196894186076931e-02 1.844020342253809702e-02 9.292216685189378170e-03 2.287949247764912738e-17 -9.292216685189135308e-03 -1.844020342253805192e-02 -2.730196894186079012e-02 -3.573996458045068658e-02 -4.362321925658862315e-02 -5.082937234855509911e-02 -5.724657292564144101e-02 -6.277521585207944399e-02 -6.732948781680239692e-02 -7.083869929220043549e-02 -7.324838174775986921e-02 -7.452113308808712422e-02 -7.463719819277893353e-02 -7.359477554723840853e-02 -7.141004520504028175e-02 -6.811691764782470959e-02 -6.376650744081337197e-02 -5.842633985364871496e-02 -5.217930276105929577e-02 -4.512236009151865401e-02 -3.736504679321218242e-02 -2.902776867783155718e-02 -2.023993353131775183e-02 -1.113794249967846491e-02 -1.863072926760450838e-03 7.440714494303969466e-03 1.662901021949372837e-02 2.555919731916937374e-02 3.409266511912587699e-02 4.209696065820438260e-02 4.944784456842465231e-02 5.603121946712043971e-02 6.174490092936672087e-02 6.650020355240156278e-02 7.022331749380308907e-02 7.285645411736479948e-02 7.435874296442863962e-02 7.470686612825683248e-02 7.389542018494500708e-02 7.193700006313549777e-02 6.886200355073926471e-02 6.471815947303198591e-02 5.956978686555000624e-02 5.349679664059737300e-02 4.659345124308435920e-02 3.896690154780606957e-02 3.073552370783997831e-02 2.202708176880964486e-02 1.297674456816187358e-02 3.724987700322153050e-03 -5.584586887435767991e-03 -1.480747982507987434e-02 -2.380053717933498444e-02 -3.242417242988272774e-02 -4.054453307365281367e-02 -4.803557822806889255e-02 -5.478103498554633827e-02 -6.067620315352054150e-02 -6.562958036757389479e-02 -6.956428235332673404e-02 -7.241923629237689841e-02 -7.415012876935014874e-02
