0.000000000000000000e+00 1.154609173040507612e-196 1.790374494418822810e-192 2.149208934432374372e-188 2.045978123721190182e-184 1.569253381343330748e-180 9.803044452291769656e-177 5.025743890592811231e-173 2.125891684370241228e-169 7.447710256768925733e-166 2.166578507579653496e-162 5.242507914156954915e-159 1.056242272471801953e-155 1.772828909738265200e-152 2.479103689638342266e-149 2.887781631539553670e-146 2.800927540536696846e-143 2.260859274912503250e-140 1.517789717670502156e-137 8.469057703750086796e-135 3.925234192953672426e-132 1.510214913899488740e-129 4.820722964491970512e-127 1.276056039137702123e-124 2.799779297669563959e-122 5.089969892664594501e-120 7.665002124041022223e-118 9.558916480689383857e-116 9.870086060679469791e-114 8.436957397828112654e-112 5.969770939916045198e-110 3.496274562442746036e-108 1.694771381479100194e-106 6.799335819337787307e-105 2.257730860174491895e-103 6.204910480820845455e-102 1.411462480759723278e-100 2.657606359869730871e-99 4.142091981414704847e-98 5.344157796016206944e-97 5.708127548626343811e-96 5.047641647821532072e-95 3.695644008060800138e-94 2.240398162732311259e-93 1.124658160931237033e-92 4.675228023371598722e-92 1.609527424042648539e-91 4.589161029886035555e-91 1.083759927234415910e-90 2.119936202487357316e-90 3.435001418093097891e-90 4.610727795819349889e-90 5.127126279792361825e-90 4.723496869382777593e-90 3.605463638529725105e-90 2.280284461948192768e-90 1.195005203925919699e-90 5.189504706404187966e-91 1.867583715628411418e-91 5.570003297810184465e-92 1.376815923053323668e-92 2.820760482386349089e-93 4.790189051185389065e-94 6.743155962649896869e-95 7.869155905722382476e-96 7.613435372221628170e-97 6.107416358710817051e-98 4.062561556023585067e-99 2.241065754320673376e-100 1.025356125312021049e-101 3.891541047965598183e-103 1.225366923823053304e-104 3.201774735086152950e-106 6.943711257554771682e-108 1.250205116952004341e-109 1.869353064682295637e-111 2.322074101644694409e-113 2.397264451862524968e-115 2.057887609445184468e-117 1.469733094598643275e-119 8.738778644695972609e-122 4.328987012442104235e-124 1.788218613727879656e-126 6.165672537079172305e-129 1.776441297055524752e-131 4.291054198358128626e-134 1.236557651273749909e-136 1.384639200629862178e-137 4.499884849628673525e-138 1.317415914109865646e-138 3.438327847852383428e-139 7.999463059114680156e-140 1.659089551224783221e-140 3.067473365294518845e-141 5.055923954606126324e-142 7.429097969309354179e-143 9.731837432852959580e-144 1.136539630702669602e-144 1.183350814400647419e-145 1.098475455335976395e-146 9.091267108055159168e-148 6.708503681838767629e-149 4.413720333924354394e-150 2.589246741687402410e-151 1.354391064127809804e-152 6.317283364882143427e-154 2.627526562509366025e-155 9.745644461259663983e-157 3.223579964595788218e-158 9.509336745088747380e-160 2.501884584290861751e-161 5.871013509779973207e-163 1.228891435595002857e-164 2.294547609305461030e-166 3.822039219515255681e-168 5.679921244238371141e-170 7.531417574874437184e-172 8.911286132955596691e-174 9.409781848856091298e-176 8.868396912949486580e-178 7.460931108022256848e-180 5.603826543551760511e-182 3.758264875739815939e-184 2.250996192374574580e-186 1.204279209757741597e-188 5.756151435818607972e-191 2.458583195052445522e-193 9.386166282758340672e-196 3.206216199738452458e-198 0.000000000000000000e+00
1.154609173040507612e-196 1.154609173040507612e-196 1.790374494418822810e-192 2.149208934432374372e-188 2.045978123721190182e-184 1.569253381343330748e-180 9.803044452291769656e-177 5.025743890592811231e-173 2.125891684370241228e-169 7.447710256768925733e-166 2.166578507579653496e-162 5.242507914156954915e-159 1.056242272471801953e-155 1.772828909738265200e-152 2.479103689638342266e-149 2.887781631539553670e-146 2.800927540536696846e-143 2.260859274912503250e-140 1.517789717670502156e-137 8.469057703750086796e-135 3.925234192953672426e-132 1.510214913899488740e-129 4.820722964491970512e-127 1.276056039137702123e-124 2.799779297669563959e-122 5.089969892664594501e-120 7.665002124041022223e-118 9.558916480689383857e-116 9.870086060679469791e-114 8.436957397828112654e-112 5.969770939916045198e-110 3.496274562442746036e-108 1.694771381479100194e-106 6.799335819337787307e-105 2.257730860174491895e-103 6.204910480820845455e-102 1.411462480759723278e-100 2.657606359869730871e-99 4.142091981414704847e-98 5.344157796016206944e-97 5.708127548626343811e-96 5.047641647821532072e-95 3.695644008060800138e-94 2.240398162732311259e-93 1.124658160931237033e-92 4.675228023371598722e-92 1.609527424042648539e-91 4.589161029886035555e-91 1.083759927234415910e-90 2.119936202487357316e-90 3.435001418093097891e-90 4.610727795819349889e-90 5.127126279792361825e-90 4.723496869382777593e-90 3.605463638529725105e-90 2.280284461948192768e-90 1.195005203925919699e-90 5.189504706404187966e-91 1.867583715628411418e-91 5.570003297810184465e-92 1.376815923053323668e-92 2.820760482386349089e-93 4.790189051185389065e-94 6.743155962649896869e-95 7.869155905722382476e-96 7.613435372221628170e-97 6.107416358710817051e-98 4.062561556023585067e-99 2.241065754320673376e-100 1.025356125312021049e-101 3.891541047965598183e-103 1.225366923823053304e-104 3.201774735086152950e-106 6.943711257554771682e-108 1.250205116952004341e-109 1.869353064682295637e-111 2.322074101644694409e-113 2.397264451862524968e-115 2.057887609445184468e-117 1.469733094598643275e-119 8.738778644695972609e-122 4.328987012442104235e-124 1.788218613727879656e-126 6.165672537079172305e-129 1.776441297055524752e-131 4.291054198358128626e-134 1.236557651273749909e-136 1.384639200629862178e-137 4.499884849628673525e-138 1.317415914109865646e-138 3.438327847852383428e-139 7.999463059114680156e-140 1.659089551224783221e-140 3.067473365294518845e-141 5.055923954606126324e-142 7.429097969309354179e-143 9.731837432852959580e-144 1.136539630702669602e-144 1.183350814400647419e-145 1.098475455335976395e-146 9.091267108055159168e-148 6.708503681838767629e-149 4.413720333924354394e-150 2.589246741687402410e-151 1.354391064127809804e-152 6.317283364882143427e-154 2.627526562509366025e-155 9.745644461259663983e-157 3.223579964595788218e-158 9.509336745088747380e-160 2.501884584290861751e-161 5.871013509779973207e-163 1.228891435595002857e-164 2.294547609305461030e-166 3.822039219515255681e-168 5.679921244238371141e-170 7.531417574874437184e-172 8.911286132955596691e-174 9.409781848856091298e-176 8.868396912949486580e-178 7.460931108022256848e-180 5.603826543551760511e-182 3.758264875739815939e-184 2.250996192374574580e-186 1.204279209757741597e-188 5.756151435818607972e-191 2.458583195052445522e-193 9.386166282758340672e-196 3.206216199738452458e-198 3.206216199738452458e-198
1.790374494418822810e-192 1.790374494418822810e-192 2.435033770799775687e-188 2.627481829984257937e-184 2.285926620828725520e-180 1.621574201033003360e-176 9.453962543680399670e-173 4.555892919194196423e-169 1.822210494434310407e-165 6.066692829830298494e-162 1.684604423575763172e-158 3.906497947325356145e-155 7.570491352856243355e-152 1.226346216181662699e-148 1.660371157767986962e-145 1.878156086745238398e-142 1.773930330999940625e-139 1.397991021384634654e-136 9.185117470491533446e-134 5.027044729199999082e-131 2.289950232736065791e-128 8.675157614324864048e-126 2.731139573147856861e-123 7.140572014681401262e-121 1.549477988320564315e-118 2.789176550815275962e-116 4.163063746976619869e-114 5.150344911358554476e-112 5.279761771097320856e-110 4.483751011688096650e-108 3.153805395053904702e-106 1.837093624457169278e-104 8.861030099066719883e-103 3.538843319227300491e-101 1.170151602845641041e-99 3.203434153414910179e-98 7.260716441885079082e-97 1.362500553946530521e-95 2.116879148271406752e-94 2.723141727997276503e-93 2.900513970150671900e-92 2.558163483550706314e-91 1.868314826477060774e-90 1.129955408570354746e-89 5.659576241308604756e-89 2.347687529576267121e-88 8.065905307613556427e-88 2.295330149872862894e-87 5.410521697095607005e-87 1.056471175093699038e-86 1.708925339749343400e-86 2.290116888838241896e-86 2.542630978470749282e-86 2.338955684486538614e-86 1.782770332340458790e-86 1.125966159297761832e-86 5.892963516993228987e-87 2.555894328484352895e-87 9.187038393865277747e-88 2.736876431142555774e-88 6.757817302905200493e-89 1.383105414014666467e-89 2.346548280664654073e-90 3.300343968025472171e-91 3.848375551631489867e-92 3.720667591258593491e-93 2.982844317450678207e-94 1.983138982611469823e-95 1.093557809349901921e-96 5.002159783458085195e-98 1.898328712461533485e-99 5.978134408593761855e-101 1.562559073337511782e-102 3.390752865863856438e-104 6.110494933334549277e-106 9.148109675742703749e-108 1.138259911468195808e-109 1.177652758636107993e-111 1.013687295165299524e-113 7.264169020780346939e-116 4.337013973011852001e-118 2.159205972243928746e-120 8.972683060978397877e-123 3.115702065883994920e-125 9.051768073166034211e-128 2.206638690505300088e-130 5.964762396458957014e-133 5.476050301036215212e-134 1.772563690182259346e-134 5.187180152618790318e-135 1.353248114120239395e-135 3.147164715826449849e-136 6.524749719730018981e-137 1.205916757750602467e-137 1.986949932510006107e-138 2.918636444377489542e-139 3.822119930732794068e-140 4.462395345323359147e-141 4.644937826348885569e-142 4.310713712008844396e-143 3.566858020983940557e-144 2.631482802366352179e-145 1.731031144748119871e-146 1.015339739019252727e-147 5.310478493492119414e-149 2.476774822994342994e-150 1.030116150056939651e-151 3.820765691019503640e-153 1.263858932216525462e-154 3.728654546313041866e-156 9.811480292170970878e-158 2.302881660492192668e-159 4.821607853252095428e-161 9.005891591149562653e-163 1.500758112270874765e-164 2.231423297260453076e-166 2.960618899655651334e-168 3.505569508265323339e-170 3.704768522488235522e-172 3.494989911889265579e-174 2.943571077448893786e-176 2.213676595690251864e-178 1.486751845640711898e-180 8.919239755130753892e-183 4.780460820694081042e-185 2.289598527827309531e-187 9.801657339803657483e-190 3.751469443271612301e-192 1.285161645228252478e-194 1.285161645228252478e-194
2.149208934432374372e-188 2.149208934432374372e-188 2.627481829984257937e-184 2.590122087718627221e-180 2.082638966847326397e-176 1.377307999698316567e-172 7.537183997491929967e-169 3.428352341922367678e-165 1.300387949976619938e-161 4.122671226966770454e-158 1.094177024481929222e-154 2.433455584378960083e-151 4.537285577134695985e-148 7.093161306958081366e-145 9.294918552430409629e-142 1.020446569174064876e-138 9.379148437478039840e-136 7.210941785170855689e-133 4.633010410972678982e-130 2.485107979406300890e-127 1.111742662420561357e-124 4.143995881440779561e-122 1.285858233304595706e-119 3.318636257200551862e-117 7.118510005899484980e-115 1.268205633469212159e-112 1.875460326414925636e-110 2.301055159980948669e-108 2.341341841862475841e-106 1.975014569781864569e-104 1.380767219585153872e-102 7.998653656566229920e-101 3.838684489267042670e-99 1.526012441544814403e-97 5.024585887292296422e-96 1.370182169593052490e-94 3.094369478534270016e-93 5.787228286790333212e-92 8.963333923913868783e-91 1.149663548599288634e-89 1.221182287680547253e-88 1.074258394053609451e-87 7.826513949184137371e-87 4.722525748178273360e-86 2.360170287316564695e-85 9.769970931737285030e-85 3.349985386667065744e-84 9.515062805523255761e-84 2.238820770284335743e-83 4.364012704330480411e-83 7.047449357346584249e-83 9.429259646606382771e-83 1.045305918829349626e-82 9.601742603761713166e-83 7.308334223377520736e-83 4.609667388312884183e-83 2.409490553746528861e-83 1.043776547480187515e-83 3.747482172798023393e-84 1.115181462405539072e-84 2.750749771384404227e-85 5.624497539142720691e-86 9.533960815979260204e-87 1.339839606812979127e-87 1.561200049821642324e-88 1.508452203986551981e-89 1.208699182963691641e-90 8.032886716055033548e-92 4.428461526213119061e-93 2.025501887360448905e-94 7.687643511339233847e-96 2.421757453778026404e-97 6.333695789571457502e-99 1.375638895104802928e-100 2.482141052893482377e-102 3.722232684047372896e-104 4.641369694965942644e-106 4.815035461155689125e-108 4.158604780819000882e-110 2.992390649417237372e-112 1.795505481511247858e-114 8.992480850161654592e-117 3.763369629608031734e-119 1.317691338807873799e-121 3.865284051540416801e-124 9.525305697614543246e-127 2.482726011112963877e-129 1.931375302829320737e-130 6.226141691196758374e-131 1.821216654665361840e-131 4.749362315459794474e-132 1.104108904575065512e-132 2.288221219537348748e-133 4.227665203786547860e-134 6.963490396967692128e-135 1.022550839235667294e-135 1.338697770710552953e-136 1.562530679073987197e-137 1.626043703820678137e-138 1.508701962941820637e-139 1.248110294805097907e-140 9.206451893063083806e-142 6.055275863497559868e-143 3.551333825890552708e-144 1.857290345658526526e-145 8.661937245125819146e-147 3.602590649964153918e-148 1.336284386332487943e-149 4.420672216355385167e-151 1.304387592410870823e-152 3.433047216185499506e-154 8.060020347859367231e-156 1.688134789472481294e-157 3.154476557004138619e-159 5.259383078170756717e-161 7.824770607227836797e-163 1.038924469609967459e-164 1.231183442774606324e-166 1.302398574432948293e-168 1.230010453651875227e-170 1.037253053408130897e-172 7.811695067972614737e-175 5.254977327529442830e-177 3.158267713229460824e-179 1.696190518716388940e-181 8.142370612286770476e-184 3.494529822201204717e-186 1.341243881254922610e-188 4.609410338282278799e-191 4.609410338282278799e-191
2.045978123721190182e-184 2.045978123721190182e-184 2.285926620828725520e-180 2.082638966847326397e-176 1.560604887058990247e-172 9.680482821498143287e-169 4.994851826531852817e-165 2.151492645844486004e-161 7.757292120383322897e-158 2.345675355568668268e-154 5.956344399687685318e-151 1.271127337547850106e-147 2.280606185605283747e-144 3.439999134684353492e-141 4.360872262583235164e-138 4.643486352771850383e-135 4.149829856304441966e-132 3.109736446046281800e-129 1.951952103291379445e-126 1.025144688935937951e-123 4.499672499693829334e-121 1.648817314607891916e-118 5.038438754150346800e-116 1.282675188593421607e-113 2.717918159949057616e-111 4.789573800404485592e-109 7.014256300544669443e-107 8.531301461228032488e-105 8.613145715615484542e-103 7.214755670752106312e-101 5.012200560393258182e-99 2.886991184097746970e-97 1.378357470656022666e-95 5.453676020467695646e-94 1.787964135382033938e-92 4.856434493122276776e-91 1.092764355229980352e-89 2.036845962187066923e-88 3.144810056214770000e-87 4.021840746825062166e-86 4.260352288876895626e-85 3.738156136573603516e-84 2.716851100303843352e-83 1.635607792443606952e-82 8.156587034063584221e-82 3.369510400691413794e-81 1.153104775663707241e-80 3.269115118620177452e-80 7.678349876226958926e-80 1.494167611959721947e-79 2.409031954210716052e-79 3.218223545938733794e-79 3.562372291900106257e-79 3.267618624076524858e-79 2.483775970388592432e-79 1.564599337387031010e-79 8.168173632631862930e-80 3.534274582143779961e-80 1.267513983987636888e-80 3.767971122436585109e-81 9.285212290624376091e-82 1.896859338140969796e-82 3.212698583289603108e-83 4.511621286986855163e-84 5.253682699267938978e-85 5.073525294707202059e-86 4.063717479973712076e-87 2.700012688181947577e-88 1.488357679419371902e-89 6.808166520002962061e-91 2.584819811050431847e-92 8.147414841043322703e-94 2.132702451259519204e-95 4.637837688131434648e-97 8.382157727563145146e-99 1.259683759045569258e-100 1.574989362861804032e-102 1.639412089876610852e-104 1.421741296061211284e-106 1.028135030890210278e-108 6.205878714032789835e-111 3.130113448183563326e-113 1.320855561606226488e-115 4.669576124853053484e-118 1.385056947673688472e-120 3.456148504954469209e-123 8.857810334877323455e-126 6.071234963470718215e-127 1.949683633260218475e-127 5.700668510575482781e-128 1.486048569991782649e-128 3.453427709818855741e-129 7.154588444443327485e-130 1.321426948769553357e-130 2.175873099606022352e-131 3.194213960983566706e-132 4.180643476107922472e-133 4.878431264280934464e-134 5.075573078581476619e-135 4.708347236741609677e-136 3.894412151628518157e-137 2.872221038358374054e-138 1.888904087532958385e-139 1.107727295869073591e-140 5.792991446957583603e-142 2.701703631637503720e-143 1.123716457411605057e-144 4.168514640469362576e-146 1.379224443142122590e-147 4.070459330971381570e-149 1.071606195654770591e-150 2.516759392950717859e-152 5.273481641125688580e-154 9.859174197994983984e-156 1.644799577433401332e-157 2.448843361285667335e-159 3.254134294998444973e-161 3.860044357589727115e-163 4.087830282081452431e-165 3.865488892943438796e-167 3.264379305788968016e-169 2.462417953242454594e-171 1.659492918102724801e-173 9.993936300824646419e-176 5.379578233251193929e-178 2.588936823555303238e-180 1.114232215232289944e-182 4.289818608096815472e-185 1.479435121158304751e-187 1.479435121158304751e-187
1.569253381343330748e-180 1.569253381343330748e-180 1.621574201033003360e-176 1.377307999698316567e-172 9.680482821498143287e-169 5.659671765434837146e-165 2.763399928452569515e-161 1.130250653300978117e-157 3.881287719601958373e-154 1.120902050830638686e-150 2.725479261646181150e-147 5.583399752138790506e-144 9.639689481300737261e-141 1.402542963996865283e-137 1.719136403933575376e-134 1.774140292729716075e-131 1.540280165049746186e-128 1.123887528284200167e-125 6.884615662183087169e-123 3.536358857021826694e-120 1.521319640362870671e-117 5.474420435677503807e-115 1.645842209269037080e-112 4.129278541649539289e-110 8.636412387297192075e-108 1.504328928812249282e-105 2.180331973774125241e-103 2.627465908293608549e-101 2.630836125937838727e-99 2.187466963897830819e-97 1.509618053524427437e-95 8.643546164649637496e-94 4.104576266800303516e-92 1.616126753330313846e-90 5.274919821925295280e-89 1.426961916253316809e-87 3.198930240048831035e-86 5.942199068761088805e-85 9.145466631690492275e-84 1.166156901220995550e-82 1.231927074542754861e-81 1.078154828322934998e-80 7.817036354724717328e-80 4.695363636986273358e-79 2.336508096431584039e-78 9.632612234596430850e-78 3.290104624235986846e-77 9.310568026065351037e-77 2.183016415903208934e-76 4.240987036316544094e-76 6.826872968958724703e-76 9.106224773433277113e-76 1.006547242678688313e-75 9.219930402200494354e-76 6.999034304394143605e-76 4.403377446120030018e-76 2.296108919289593778e-76 9.923861350211192628e-77 3.555290125563436960e-77 1.055849783090380766e-77 2.599507252507574623e-78 5.306081172873353976e-79 8.980212148648381328e-80 1.260287437270737269e-80 1.466793263291085845e-81 1.415914958586628436e-82 1.133796550528131123e-83 7.532396949828780063e-85 4.152535417837723277e-86 1.900077483847756578e-87 7.218037791527842546e-89 2.277131691750437261e-90 5.968045275099611143e-92 1.299963188652511002e-93 2.354481293160244722e-95 3.547884715189770103e-97 4.450795939944096280e-99 4.651865622055739974e-101 4.054272872721451252e-103 2.949316598885653642e-105 1.792802328431634811e-107 9.117603293461876915e-110 3.884674026152905400e-112 1.388649403848227555e-114 4.171379901677786862e-117 1.055787254395927469e-119 2.699702598507366548e-122 1.700322207985236685e-123 5.443111980065338781e-124 1.590870261708172087e-124 4.145544567513744974e-125 9.630438973728131866e-126 1.994505695523745990e-126 3.682619277939072895e-127 6.062040106162946154e-128 8.896718443202630810e-129 1.164123762112762873e-129 1.358115193839323406e-130 1.412709443467841157e-131 1.310265709515519231e-132 1.083599157062375668e-133 7.990873532991357927e-135 5.254736662497406000e-136 3.081448498099757555e-137 1.611475927865402484e-138 7.515832518383327974e-140 3.126338884444730126e-141 1.159909627653410441e-142 3.838550153627304289e-144 1.133166425481584166e-145 2.984248213632728181e-147 7.011735277640326605e-149 1.469953158301917055e-150 2.749861789290174137e-152 4.590857816024039582e-154 6.840743100252410746e-156 9.099029736914111808e-158 1.080514550941181653e-159 1.145716452967718753e-161 1.084946351648199832e-163 9.177075473608834314e-166 6.935100713734029802e-168 4.683264830972562075e-170 2.826799883737063218e-172 1.525467300556805571e-174 7.361929943029456944e-177 3.178259220463991205e-179 1.227812881299823642e-181 4.250644926113145174e-184 4.250644926113145174e-184
9.803044452291769656e-177 9.803044452291769656e-177 9.453962543680399670e-173 7.537183997491929967e-169 4.994851826531852817e-165 2.763399928452569515e-161 1.280715530135214214e-157 4.985407106553030006e-154 1.633304165504196140e-150 4.510259922430114166e-147 1.050885174609625093e-143 2.067308295225355361e-140 3.434584718006063973e-137 4.818892188417278043e-134 5.708031842457323527e-131 5.704866527601981811e-128 4.807111252217030579e-125 3.411796570769004536e-122 2.037323753028980416e-119 1.022318959638025920e-116 4.305311962274299068e-114 1.519654252412894906e-111 4.489938318686105046e-109 1.109026549227382156e-106 2.287327685215780181e-104 3.934733791247140278e-102 5.639762780287761133e-100 6.729272485772117802e-98 6.678615878013785676e-96 5.509473385556134841e-94 3.775510883809077908e-92 2.148124383720998342e-90 1.014314942441198131e-88 3.973372214682999662e-87 1.290891841927068917e-85 3.477442252964337000e-84 7.765787019275935264e-83 1.437474536056323585e-81 2.205223147350518150e-80 2.803520205053184425e-79 2.953419260082220786e-78 2.578083214877414939e-77 1.864689277418088114e-76 1.117498381568343661e-75 5.549018984516101819e-75 2.283054772551071893e-74 7.783096649580303761e-74 2.198529503849325551e-73 5.145954654579010227e-73 9.980797228951535943e-73 1.604144725274967184e-72 2.136563073861951007e-72 2.358293548078995862e-72 2.157284240503519797e-72 1.635546675848354479e-72 1.027743405773562968e-72 5.352964473754116252e-73 2.311082817737946948e-73 8.271302795513422145e-74 2.454132483763495216e-74 6.036974504697913114e-75 1.231326833446010679e-75 2.082572120697729507e-76 2.921091022458267375e-77 3.398293052794208392e-78 3.279500667199337851e-79 2.625765513984913707e-80 1.744565285295834082e-81 9.620488274027836492e-83 4.404508592552846836e-84 1.674631894251882190e-85 5.289521980408801746e-87 1.388572293001991619e-88 3.030997907898350451e-90 5.504431595221624443e-92 8.322095431624930414e-94 1.048270697512696244e-95 1.101056476833925706e-97 9.653109434092295705e-100 7.071738195081753992e-102 4.334320035015725755e-104 2.225562896692536204e-106 9.587852494972618187e-109 3.470946873133405546e-111 1.057644866716352974e-113 2.719986690729450332e-116 7.020425221752730293e-119 4.241214767327910270e-120 1.354811960574601105e-120 3.958221584683939357e-121 1.031081029711596868e-121 2.394478958027242964e-122 4.957493310296886650e-123 9.150697119072194375e-124 1.505898602305967282e-124 2.209509911297908723e-125 2.890444910233645033e-126 3.371417723275008537e-127 3.506315824521056777e-128 3.251565726520843099e-129 2.688751196394757038e-130 1.982622504998436835e-131 1.303697756667038637e-132 7.645025715769893256e-134 3.998209259135937662e-135 1.864910246600694512e-136 7.758533379437169363e-138 2.879097819073518647e-139 9.530522923111899138e-141 2.814439384554298629e-142 7.415090794709720491e-144 1.743124985260735497e-145 3.656537404910351703e-147 6.845215987044760945e-149 1.143749133149765209e-150 1.705912590581129714e-152 2.271571962741097087e-154 2.700891899361286931e-156 2.867955829028389817e-158 2.720211021691855741e-160 2.305075241365035096e-162 1.745480583767367588e-164 1.181395356781772113e-166 7.148861679487232457e-169 3.868649326015572638e-171 1.872796462094786396e-173 8.112727874270169357e-176 3.145813945327391777e-178 1.093642563642430468e-180 1.093642563642430468e-180
5.025743890592811231e-173 5.025743890592811231e-173 4.555892919194196423e-169 3.428352341922367678e-165 2.151492645844486004e-161 1.130250653300978117e-157 4.985407106553030006e-154 1.850788217384227646e-150 5.793649910093704126e-147 1.531429520900238575e-143 3.421566274844105078e-140 6.465655642353725527e-137 1.033698556899026650e-133 1.398213022908883243e-130 1.599694504038940204e-127 1.547262879557151574e-124 1.264264026392518067e-121 8.718819690558531141e-119 5.069359855943747153e-116 2.481975797268663060e-113 1.021937428450811123e-110 3.533806949398987211e-108 1.024836491295207801e-105 2.489247960249041681e-103 5.057226295274252673e-101 8.583158072208023226e-99 1.215545482990079299e-96 1.434920546114016628e-94 1.410610545707601178e-92 1.153842479276307055e-90 7.847469938333036916e-89 4.434898959080256786e-87 2.081498632744785584e-85 8.109809253285716435e-84 2.621944057597311637e-82 7.032003499323409085e-81 1.564108601883862567e-79 2.884678533432174750e-78 4.410616074820039152e-77 5.590058470771564184e-76 5.872263648376604574e-75 5.112513567073948696e-74 3.688754546738663063e-73 2.205593597771357612e-72 1.092853529350479658e-71 4.487294384223083238e-71 1.526837962102745343e-70 4.305169963494750800e-70 1.005964744477310683e-69 1.947955298075762805e-69 3.126006141348548725e-69 4.157460062517679623e-69 4.582562384731690268e-69 4.186461638147177838e-69 3.170023378386044887e-69 1.989640162286304770e-69 1.035155427321091616e-69 4.464575596276025996e-70 1.596341654158936973e-70 4.732311597805974062e-71 1.163207970305384669e-71 2.370922801674086180e-72 4.007731287675859273e-73 5.618919971172586816e-74 6.534919618477690702e-75 6.305661187018302601e-76 5.049000780453942840e-77 3.355520701682715921e-78 1.851423115355465941e-79 8.483470566155266210e-81 3.229363472761503264e-82 1.021681163324673091e-83 2.687687443615957597e-85 5.882357907899405617e-87 1.071807677106138629e-88 1.627053933117205633e-90 2.059592598468010920e-92 2.176110035067689427e-94 1.921233567245178437e-96 1.419102115408164018e-98 8.781514434786708471e-101 4.559171261311042454e-103 1.989049952850350555e-105 7.304098785744066027e-108 2.261481153477463326e-110 5.919895281935950890e-113 1.558082915384180695e-115 9.420511850941525444e-117 3.006567586520352166e-117 8.780800493714837557e-118 2.286541831789068298e-118 5.308330926242400922e-119 1.098698058216892119e-119 2.027443558070563758e-120 3.335633733161410624e-121 4.893019094832870503e-122 6.399631996127458074e-123 7.463182517580470559e-124 7.760621532657963493e-125 7.195911780916007125e-126 5.949860372383992075e-127 4.387078905044535617e-128 2.884758720576296786e-129 1.691719250222651816e-130 8.848163117885106701e-132 4.127693113698566073e-133 1.717579785629087815e-134 6.375438965627597863e-136 2.111145847548206420e-137 6.237001990167342142e-139 1.644072966906170997e-140 3.867192535917455881e-142 8.117946616857648685e-144 1.520978603447487779e-145 2.543796748095965808e-147 3.798266549734222904e-149 5.064066860687884068e-151 6.029731099001546010e-153 6.413000792010308091e-155 6.093642237846971947e-157 5.174161047750144748e-159 3.926930026989066019e-161 2.664573335281703740e-163 1.616899079120106894e-165 8.777013557140137891e-168 4.263395311957639613e-170 1.853762495448943845e-172 7.217635175111409961e-175 2.520683912546636116e-177 2.520683912546636116e-177
2.125891684370241228e-169 2.125891684370241228e-169 1.822210494434310407e-165 1.300387949976619938e-161 7.757292120383322897e-158 3.881287719601958373e-154 1.633304165504196140e-150 5.793649910093704126e-147 1.735405503042951778e-143 4.395484543190405850e-140 9.423337526417786424e-137 1.711140861537927224e-133 2.632739179753964688e-130 3.432464445962302063e-127 3.791415441873646550e-124 3.546575619231650207e-121 2.807683847661312702e-118 1.879531746784096116e-115 1.062841364321066601e-112 5.071017026196758062e-110 2.038775507159949749e-107 6.897562100102863324e-105 1.960910276160317051e-102 4.677729411885625525e-100 9.350116327943735707e-98 1.563923190770111862e-95 2.186126703917750603e-93 2.550836025543386330e-91 2.481810458453996044e-89 2.011468695411726698e-87 1.356890346392124136e-85 7.612692252977657805e-84 3.549878112128075349e-82 1.375088801285349777e-80 4.422701719534812567e-79 1.180631965580655786e-77 2.614994046873736768e-76 4.804415630467121322e-75 7.320321948159023266e-74 9.248345519297374875e-73 9.686844808173834035e-72 8.410822359057338209e-71 6.053365484580031013e-70 3.611032819890935854e-69 1.785351073657505996e-68 7.315794671362585892e-68 2.484497266757001852e-67 6.992825293839937415e-67 1.631194801203139925e-66 3.153574806385260976e-66 5.053039115462646422e-66 6.710657183998127766e-66 7.386749880200262790e-66 6.739584189384256464e-66 5.097086124899959129e-66 3.195510805267595698e-66 1.660776066151784067e-66 7.155836757980537271e-67 2.556336134729067016e-67 7.572119142684089565e-68 1.859933853170827044e-68 3.788807739654120095e-69 6.401532760035438894e-70 8.972247995294757194e-71 1.043335109556616029e-71 1.006775561317423566e-72 8.063483031179097212e-74 5.361732040562436897e-75 2.960809516981758702e-76 1.358287887902380961e-77 5.178792014768843716e-79 1.641836557680046480e-80 4.330522212274515717e-82 9.509170715719274778e-84 1.739657196558603778e-85 2.653858137966974117e-87 3.379172161034140721e-89 3.595347791445315448e-91 3.200395505132432645e-93 2.386637885813628656e-95 1.493234097251234299e-97 7.850735710766434802e-100 3.474176525171548484e-102 1.296267000505712818e-104 4.085013648613790727e-107 1.090354838496868332e-109 2.955387236198012018e-112 1.863291096609556532e-113 5.948888132788987708e-114 1.736800468733688512e-114 4.521203499492658621e-115 1.049302486306891274e-115 2.171191141007615334e-116 4.005485681847079728e-117 6.588428299543606811e-118 9.662477558160217471e-119 1.263533019804168735e-119 1.473290826089805591e-120 1.531819633297194695e-121 1.420230175277039887e-122 1.174242718136267822e-123 8.658101482032587566e-125 5.693410086065469877e-126 3.339093032401052155e-127 1.746683530207919140e-128 8.149957588582447397e-130 3.392190878993656347e-131 1.259564245824208390e-132 4.172631021651587770e-134 1.233352724884701633e-135 3.253075857459368244e-137 7.657320616807694113e-139 1.608740627672202249e-140 3.017016178559674893e-142 5.051414185948253128e-144 7.551952795332657258e-146 1.008300640813142043e-147 1.202501439743220532e-149 1.281248620764779675e-151 1.219911888501897002e-153 1.038182368749435763e-155 7.899143711911910476e-158 5.374857760252603303e-160 3.271616699461283542e-162 1.781979429479856206e-164 8.688252883713568920e-167 3.793188303994494536e-169 1.483470011087249440e-171 5.206564578581907303e-174 5.206564578581907303e-174
7.447710256768925733e-166 7.447710256768925733e-166 6.066692829830298494e-162 4.122671226966770454e-158 2.345675355568668268e-154 1.120902050830638686e-150 4.510259922430114166e-147 1.531429520900238575e-143 4.395484543190405850e-140 1.067888061880465774e-136 2.198388059560060078e-133 3.837596329338568724e-130 5.683061060800502787e-127 7.140818383990058873e-124 7.612379027879260401e-121 6.882715579498854452e-118 5.275083761814405469e-115 3.424540972339281523e-112 1.881355534260103469e-109 8.736861818920687799e-107 3.425443195707681843e-104 1.132318423841685411e-101 3.151318243441965639e-99 7.373131806283057329e-97 1.448137609359413192e-94 2.384184852125920594e-92 3.285798999413822632e-90 3.785702225982051755e-88 3.641932234344131486e-86 2.922265662611694781e-84 1.953806662042074846e-82 1.087522993999235351e-80 5.035689226686490023e-79 1.938458893214955287e-77 6.199925512227506521e-76 1.646800438145884845e-74 3.631163865168692676e-73 6.644405409259510083e-72 1.008677397535737816e-70 1.270096666469358258e-69 1.326266437358133549e-68 1.148342526381385937e-67 8.243457992970637369e-67 4.905765083593094623e-66 2.420109420666529461e-65 9.896322488312648241e-65 3.354360098766089993e-64 9.423987328476373397e-64 2.194552205632252335e-63 4.235889495981188171e-63 6.776973591677773520e-63 8.987269541750051121e-63 9.879432594671799156e-63 9.002496870299483011e-63 6.800458824814525840e-63 4.258713362720518820e-63 2.211096564270684227e-63 9.518184197045572682e-64 3.397425767822710308e-64 1.005617431339874004e-64 2.468573086679550893e-65 5.026203242210996053e-66 8.489337199569645758e-67 1.189641014197929391e-67 1.383397370119119505e-68 1.335245756130819444e-69 1.069964809427958105e-70 7.120359007640199002e-72 3.936507212059443524e-73 1.808738831508335632e-74 6.910436261166962925e-76 2.196562504130238526e-77 5.812633142445853850e-79 1.281503435690106502e-80 2.355906896525664813e-82 3.615040944790756340e-84 4.635153817480292375e-86 4.972157136177781694e-88 4.468308030888752690e-90 3.368970386158704263e-92 2.134468418716105395e-94 1.138253090008024027e-96 5.117840574163542378e-99 1.943509124485670860e-101 6.244403900113658196e-104 1.702404094457377427e-106 4.802687340672208307e-109 3.282324905298637733e-110 1.049512130622318054e-110 3.063103294610626440e-111 7.971350408212956195e-112 1.849498275017704783e-112 3.825925084021944735e-113 7.056497171992791394e-114 1.160439541676425580e-114 1.701562230700186271e-115 2.224730680899037250e-116 2.593729975671454372e-117 2.696524963688124465e-118 2.499956984610899032e-119 2.066934044795978432e-120 1.524073815698627471e-121 1.002286578269204114e-122 5.879057704568733497e-124 3.075949235806121086e-125 1.435603814008325198e-126 5.977303613218455053e-128 2.220372220882891938e-129 7.359257995057460592e-131 2.176566517004152964e-132 5.744942423124343179e-134 1.353399541994899939e-135 2.846091190273633304e-137 5.343371097597940083e-139 8.957623366065872853e-141 1.341080095038252833e-142 1.793417356295434031e-144 2.142694195296553901e-146 2.287632061130871502e-148 2.183042448870112015e-150 1.862512698689768406e-152 1.421074211853429451e-154 9.699349318622354152e-157 5.923973490964136599e-159 3.238716502202235117e-161 1.585531094131262628e-163 6.953105614034739998e-166 2.732450193127493473e-168 9.641561196472537793e-171 9.641561196472537793e-171
2.166578507579653496e-162 2.166578507579653496e-162 1.684604423575763172e-158 1.094177024481929222e-154 5.956344399687685318e-151 2.725479261646181150e-147 1.050885174609625093e-143 3.421566274844105078e-140 9.423337526417786424e-137 2.198388059560060078e-133 4.349108988533895642e-130 7.302036015538768254e-127 1.041042724191419787e-123 1.260650851493762627e-120 1.296690914006037685e-117 1.132674495341521950e-114 8.398765979170328605e-112 5.283125483102654803e-109 2.816890862000428658e-106 1.271786650325477671e-103 4.856433000405910680e-101 1.566449892776630416e-98 4.261914306067353634e-96 9.766643606614824262e-94 1.882291105249392782e-91 3.046333199132872677e-89 4.134085029830252985e-87 4.697655047872589631e-85 4.463822206182916771e-83 3.542617675197092975e-81 2.345571753136291393e-79 1.294331537438050076e-77 5.947438519504280501e-76 2.273869337299471605e-74 7.228714397797101219e-73 1.909709613390124225e-71 4.190566809337517820e-70 7.634831506026957360e-69 1.154513597416582711e-67 1.448601520647698186e-66 1.507817191389468492e-65 1.301718008571541495e-64 9.319409829210934561e-64 5.532376717191470057e-63 2.722996755101032592e-62 1.111129321178910563e-61 3.758742787003673992e-61 1.054063162662979338e-60 2.450350994398474118e-60 4.721983759075180166e-60 7.543220038696153268e-60 9.989205772368086759e-60 1.096621568898498320e-59 9.980396772204348306e-60 7.530458400616013954e-60 4.710846694122516309e-60 2.443465091889587869e-60 1.050928900483048921e-60 3.748317524770464291e-61 1.108759324852816632e-61 2.720353564728399034e-62 5.536794080472545011e-63 9.349839913911609886e-64 1.310214639923240753e-64 1.523936480921084028e-65 1.471592561714734467e-66 1.180141565303375178e-67 7.862461763402294605e-69 4.353507279133557617e-70 2.004402498202951512e-71 7.677834505096101329e-73 2.448403456725111422e-74 6.504942301440100981e-76 1.441098512912657143e-77 2.664762399070322447e-79 4.117338990992283813e-81 5.322328685376430569e-83 5.763698651289732172e-85 5.236649413431838156e-87 3.997983772054948707e-89 2.569106594366189317e-91 1.391936269076591503e-93 6.369513455634918723e-96 2.465999563488004687e-98 8.091247341904739371e-101 2.256861486283943211e-103 6.709660137973916055e-106 5.151209309192929426e-107 1.650977790594051053e-107 4.817085970145869042e-108 1.253222509502992707e-108 2.906923548955311736e-109 6.011876112722330626e-110 1.108581956517410367e-110 1.822712725789549284e-111 2.672228174083012402e-112 3.493390290308073365e-113 4.072429192140574549e-114 4.233590328932805755e-115 3.924917348197528203e-116 3.245173091908604728e-117 2.393051659495774691e-118 1.573970068042061285e-119 9.234146415854714341e-121 4.832604686415351508e-122 2.256219022972414379e-123 9.397907567633372470e-125 3.492762043565269314e-126 1.158341503531049060e-127 3.428310491338241358e-129 9.056290641803549893e-131 2.135517023964032290e-132 4.495722338970182967e-134 8.450975675216340552e-136 1.418726396904835063e-137 2.127429254149365683e-139 2.850123647147872697e-141 3.412081024786159130e-143 3.651109655123505672e-145 3.492941694272326216e-147 2.988395649277601893e-149 2.287141375587605644e-151 1.566362963586778429e-153 9.602425106179288103e-156 5.271221325590659964e-158 2.592051360887060627e-160 1.142207777919708414e-162 4.512206591238269037e-165 1.601344840765752679e-167 1.601344840765752679e-167
5.242507914156954915e-159 5.242507914156954915e-159 3.906497947325356145e-155 2.433455584378960083e-151 1.271127337547850106e-147 5.583399752138790506e-144 2.067308295225355361e-140 6.465655642353725527e-137 1.711140861537927224e-133 3.837596329338568724e-130 7.302036015538768254e-127 1.179866556760981635e-123 1.619968305281587070e-120 1.890763366345145970e-117 1.876260456415566771e-114 1.582859524134139697e-111 1.134897400130186359e-108 6.912185434349410283e-106 3.573642392920746557e-103 1.566949007268821180e-100 5.820816384551927777e-98 1.829660275530501240e-95 4.859959450728226094e-93 1.089298573263029206e-90 2.057131663722934729e-88 3.268239349249959343e-86 4.361537605361914625e-84 4.881936902107001242e-82 4.576691591828925202e-80 3.588685061970561513e-78 2.350740509789976585e-76 1.284901049864605669e-74 5.854514072187623387e-73 2.221667885575863938e-71 7.016073390253285258e-70 1.842642737711238116e-68 4.022236386750512911e-67 7.293884838029946019e-66 1.098333831564479258e-64 1.372913081092445333e-63 1.424163884396131287e-62 1.225695453804179992e-61 8.750392799435512321e-61 5.181172110574002434e-60 2.544082139915448961e-59 1.035847794802867235e-58 3.496968310892917733e-58 9.788052747042740438e-58 2.271408088937373664e-57 4.369987950565331363e-57 6.970264390166655322e-57 9.217331360580924455e-57 1.010545783978897790e-56 9.185742926288982786e-57 6.923050226406441362e-57 4.326412415162487076e-57 2.241987636197266509e-57 9.634891623339362406e-58 3.434067448513530887e-58 1.015235432207589770e-58 2.489872002249710470e-59 5.066478162128895752e-60 8.555252427282720178e-61 1.199084256760677547e-61 1.395295181499884297e-62 1.348375134287872686e-63 1.082517724862035948e-64 7.222983675790982130e-66 4.007408213776746443e-67 1.849773120076393148e-68 7.108254112610833119e-70 2.275737907692085806e-71 6.075322424793639943e-73 1.353719021789183473e-74 2.520450021424719875e-76 3.926008552686720968e-78 5.123128839410505410e-80 5.608777332189978815e-82 5.159797371543946112e-84 3.995278709663193317e-86 2.608281321918688357e-88 1.438165274206648053e-90 6.709049778721342492e-93 2.652430797541278081e-95 8.901516473110507746e-98 2.544271983380784949e-100 8.096613297623733205e-103 7.204911472763597244e-104 2.315867642395571142e-104 6.755142519880401788e-105 1.756951003872784331e-105 4.074337276796224363e-106 8.424353288007927669e-107 1.553136453684071866e-107 2.553220261913639535e-108 3.742707382627328628e-109 4.892343364927233662e-110 5.702921391439134618e-111 5.928498685965331601e-112 5.496398054048451341e-113 4.544842938626521244e-114 3.351892815661557500e-115 2.205045582667817119e-116 1.293985840572654185e-117 6.774187125041743384e-119 3.163989168462352042e-120 1.318562981543358953e-121 4.903392993988377609e-123 1.627303470184492166e-124 4.820223288100268388e-126 1.274524827239892815e-127 3.008660793722492019e-129 6.341749463091800407e-131 1.193793841234995607e-132 2.007308913574346319e-134 3.015442902141372937e-136 4.047948336459496700e-138 4.857005458240743996e-140 5.210303133129250716e-142 4.998474951012974597e-144 4.289631808016257250e-146 3.294175938999419411e-148 2.264448649913920377e-150 1.393861874241141525e-152 7.685618119560402093e-155 3.797578809687075091e-157 1.682197241550122291e-159 6.682937393755527483e-162 2.386412509127765100e-164 2.386412509127765100e-164
