Nx = 25
Lx = 10
Ny = 25
Ly = 10
dx = 0.384615384615
dy = 0.384615384615
