Nx = 25
Lx = 5
Ny = 25
Ly = 5
dx = 0.192307692308
dy = 0.192307692308
