2.997026310173216885e-11 4.376299853181827933e-11 6.352048431841746313e-11 9.164541547268888210e-11 1.314310271969341621e-10 1.873593080806401587e-10 2.654867552671775283e-10 3.739389114769733840e-10 5.235385590547637874e-10 7.285961989939227359e-10 1.007895121696180354e-09 1.385906715448890416e-09 1.894274308844267263e-09 2.573605364928051932e-09 3.475611706311609220e-09 4.665635034365166941e-09 6.225589623616839130e-09 8.257344992147734800e-09 1.088655783362042658e-08 1.426694386088381000e-08 1.858495588950196116e-08 2.406480412040005352e-08 3.097371810033366589e-08 3.962730758142284712e-08 5.039483229832793720e-08 6.370413995225135401e-08 8.004597950834414074e-08 9.997734604093222556e-08 1.241234672424443139e-07 1.531780044010939083e-07 1.879010166782594501e-07 2.291142316729603844e-07 2.776931823220160877e-07 3.345558145514883373e-07 4.006472453871945258e-07 4.769204598454518899e-07 5.643128775880481330e-07 6.637188956878408657e-07 7.759587181525371107e-07 9.017440097091980923e-07 1.041641151702626954e-06 1.196033120224457311e-06 1.365081237030966974e-06 1.548688247141371413e-06 1.746464337223779162e-06 1.957697810248974969e-06 2.181332160131387475e-06 2.415951233529400096e-06 2.659774016804703862e-06 2.910660341357690961e-06 3.166128462841611270e-06 3.423385047928306378e-06 3.679367611378494781e-06 3.930798907004349593e-06 4.174252214504082519e-06 4.406225909544852374e-06 4.623225188265941606e-06 4.821848370931217922e-06 4.998874861985310949e-06 5.151351620203023396e-06 5.276674911716832933e-06 5.372664191442155061e-06 5.437625186912915092e-06 5.470399635556291232e-06 5.470399635556291232e-06 5.437625186912915092e-06 5.372664191442155061e-06 5.276674911716832933e-06 5.151351620203023396e-06 4.998874861985310949e-06 4.821848370931217922e-06 4.623225188265941606e-06 4.406225909544852374e-06 4.174252214504090143e-06 3.930798907004349593e-06 3.679367611378494781e-06 3.423385047928306378e-06 3.166128462841611270e-06 2.910660341357690961e-06 2.659774016804703862e-06 2.415951233529400096e-06 2.181332160131387475e-06 1.957697810248974969e-06 1.746464337223779162e-06 1.548688247141371413e-06 1.365081237030966974e-06 1.196033120224457311e-06 1.041641151702628860e-06 9.017440097091980923e-07 7.759587181525371107e-07 6.637188956878408657e-07 5.643128775880481330e-07 4.769204598454518899e-07 4.006472453871945258e-07 3.345558145514889196e-07 2.776931823220160877e-07 2.291142316729603844e-07 1.879010166782594501e-07 1.531780044010939083e-07 1.241234672424445521e-07 9.997734604093222556e-08 8.004597950834414074e-08 6.370413995225135401e-08 5.039483229832793720e-08 3.962730758142284712e-08 3.097371810033366589e-08 2.406480412040005352e-08 1.858495588950189499e-08 1.426694386088381000e-08 1.088655783362042658e-08 8.257344992147764579e-09 6.225589623616860637e-09 4.665635034365166941e-09 3.475611706311609220e-09 2.573605364928051932e-09 1.894274308844267263e-09 1.385906715448890416e-09 1.007895121696180354e-09 7.285961989939227359e-10 5.235385590547600651e-10 3.739389114769707474e-10 2.654867552671784589e-10 1.873593080806401587e-10 1.314310271969341621e-10 9.164541547268952833e-11 6.352048431841746313e-11 4.376299853181827933e-11 2.997026310173216885e-11
4.376299853181827933e-11 6.390334425810353651e-11 9.275350211412173580e-11 1.338219210543858073e-10 1.919174293108672732e-10 2.735846894844784046e-10 3.876674836499244330e-10 5.460308432531123843e-10 7.644783468697541975e-10 1.063906388763615565e-09 1.471742593026066651e-09 2.023720424059989727e-09 2.766045914092142061e-09 3.758014650205605839e-09 5.075136961066397539e-09 6.812825715471314252e-09 9.090693285982537766e-09 1.205749097168228506e-08 1.589670443906607116e-08 2.083279152798982659e-08 2.713801325485107975e-08 3.513976449972152638e-08 4.522825759482613330e-08 5.786435032682407630e-08 7.358724093935259632e-08 9.302167864652487699e-08 1.168842619702978637e-07 1.459883229303889832e-07 1.812468277724707440e-07 2.236726704386018007e-07 2.743756999765065535e-07 3.345558145514889196e-07 4.054914796377598835e-07 4.885230927512894012e-07 5.850307270290016488e-07 6.964059445579012992e-07 8.240175786759963406e-07 9.691716405335212867e-07 1.133065803526376492e-06 1.316739250470535593e-06 1.521019019349513308e-06 1.746464337223779162e-06 1.993310768384483640e-06 2.261416299744626245e-06 2.550211720409616143e-06 2.858657800395422154e-06 3.185211814697769107e-06 3.527805876344840723e-06 3.883839324242208130e-06 4.250187054183594633e-06 4.623225188265941606e-06 4.998874861985319419e-06 5.372664191442164378e-06 5.739807695787693360e-06 6.095301629975456469e-06 6.434032873042285435e-06 6.750898263374070263e-06 7.040930620509540620e-06 7.299427185647984210e-06 7.522075886574219232e-06 7.705074714575982088e-06 7.845239607137328679e-06 7.940096563840121934e-06 7.987954273430210620e-06 7.987954273430210620e-06 7.940096563840121934e-06 7.845239607137328679e-06 7.705074714575982088e-06 7.522075886574219232e-06 7.299427185647984210e-06 7.040930620509540620e-06 6.750898263374070263e-06 6.434032873042285435e-06 6.095301629975467480e-06 5.739807695787693360e-06 5.372664191442164378e-06 4.998874861985319419e-06 4.623225188265941606e-06 4.250187054183594633e-06 3.883839324242208130e-06 3.527805876344840723e-06 3.185211814697769107e-06 2.858657800395422154e-06 2.550211720409616143e-06 2.261416299744626245e-06 1.993310768384483640e-06 1.746464337223779162e-06 1.521019019349515849e-06 1.316739250470535593e-06 1.133065803526376492e-06 9.691716405335212867e-07 8.240175786759963406e-07 6.964059445579012992e-07 5.850307270290016488e-07 4.885230927512902483e-07 4.054914796377598835e-07 3.345558145514889196e-07 2.743756999765065535e-07 2.236726704386018007e-07 1.812468277724710616e-07 1.459883229303892479e-07 1.168842619702978637e-07 9.302167864652487699e-08 7.358724093935259632e-08 5.786435032682407630e-08 4.522825759482613330e-08 3.513976449972152638e-08 2.713801325485098380e-08 2.083279152798989938e-08 1.589670443906618365e-08 1.205749097168232807e-08 9.090693285982570853e-09 6.812825715471339067e-09 5.075136961066397539e-09 3.758014650205605839e-09 2.766045914092142061e-09 2.023720424059989727e-09 1.471742593026066651e-09 1.063906388763615565e-09 7.644783468697541975e-10 5.460308432531123843e-10 3.876674836499258289e-10 2.735846894844803175e-10 1.919174293108686432e-10 1.338219210543862726e-10 9.275350211412173580e-11 6.390334425810353651e-11 4.376299853181827933e-11
6.352048431841746313e-11 9.275350211412173580e-11 1.346285120804673272e-10 1.942379069755765939e-10 2.785615352683987374e-10 3.970987491984349153e-10 5.626859936949175391e-10 7.925449530386793729e-10 1.109613976949136634e-09 1.544223461621102335e-09 2.136183658281321065e-09 2.937360459153693586e-09 4.014820327779138362e-09 5.454628765513227097e-09 7.366386412367361309e-09 9.888581759521591584e-09 1.319482804396874390e-08 1.750103265043303930e-08 2.307351870101080060e-08 3.023807901555041770e-08 3.938989107737795428e-08 5.100415727305767874e-08 6.564725735629670458e-08 8.398811052350764042e-08 1.068093444448342457e-07 1.350177610760245207e-07 1.696534784780808842e-07 2.118970200506177902e-07 2.630735248388803189e-07 3.246531734959593446e-07 3.982468736697966980e-07 4.855962361994558891e-07 5.885569096654883043e-07 7.090744348729135359e-07 8.491519404233581843e-07 1.010809230733601203e-06 1.196033120224459428e-06 1.406719239076024415e-06 1.644605968951233610e-06 1.911201647897764881e-06 2.207706693049385497e-06 2.534932803213687942e-06 2.893221891841852064e-06 3.282367831831795668e-06 3.701544433184729605e-06 4.149243289390191473e-06 4.623225188265949229e-06 5.120488663130765365e-06 5.637258944023519084e-06 6.169000049878287831e-06 6.710452046795761476e-06 7.255694603504068305e-06 7.798236934621818403e-06 8.331133079602220926e-06 8.847120274936850655e-06 9.338777001743193653e-06 9.798696196790690916e-06 1.021966816880633503e-05 1.059486702544555469e-05 1.091803394247977894e-05 1.118365043527844689e-05 1.138709494682082816e-05 1.152477655075278362e-05 1.159424036707063269e-05 1.159424036707063269e-05 1.152477655075278362e-05 1.138709494682082816e-05 1.118365043527844689e-05 1.091803394247977894e-05 1.059486702544555469e-05 1.021966816880633503e-05 9.798696196790690916e-06 9.338777001743193653e-06 8.847120274936865901e-06 8.331133079602220926e-06 7.798236934621818403e-06 7.255694603504068305e-06 6.710452046795761476e-06 6.169000049878287831e-06 5.637258944023519084e-06 5.120488663130765365e-06 4.623225188265949229e-06 4.149243289390191473e-06 3.701544433184729605e-06 3.282367831831795668e-06 2.893221891841852064e-06 2.534932803213687942e-06 2.207706693049389309e-06 1.911201647897764881e-06 1.644605968951233610e-06 1.406719239076024415e-06 1.196033120224459428e-06 1.010809230733601203e-06 8.491519404233596666e-07 7.090744348729135359e-07 5.885569096654883043e-07 4.855962361994558891e-07 3.982468736697966980e-07 3.246531734959587623e-07 2.630735248388803189e-07 2.118970200506181608e-07 1.696534784780808842e-07 1.350177610760245207e-07 1.068093444448342457e-07 8.398811052350764042e-08 6.564725735629646635e-08 5.100415727305749345e-08 3.938989107737795428e-08 3.023807901555052358e-08 2.307351870101088001e-08 1.750103265043309886e-08 1.319482804396879188e-08 9.888581759521626326e-09 7.366386412367361309e-09 5.454628765513227097e-09 4.014820327779138362e-09 2.937360459153693586e-09 2.136183658281321065e-09 1.544223461621102335e-09 1.109613976949132705e-09 7.925449530386765812e-10 5.626859936949214682e-10 3.970987491984363112e-10 2.785615352683997714e-10 1.942379069755779639e-10 1.346285120804673272e-10 9.275350211412173580e-11 6.352048431841746313e-11
9.164541547268888210e-11 1.338219210543858073e-10 1.942379069755765939e-10 2.802405220352026200e-10 4.019000785071234271e-10 5.729219517840464193e-10 8.118261727088521835e-10 1.143459661578065843e-09 1.600917169051266331e-09 2.227958464761050593e-09 3.082020563756896853e-09 4.237933991856174534e-09 5.792460195093847169e-09 7.869771851216797134e-09 1.062799741748877374e-08 1.426694386088375872e-08 1.903709505926401426e-08 2.524995559558397737e-08 3.328976833946900853e-08 4.362657722483111004e-08 5.683053225971057605e-08 7.358724093935233162e-08 9.471385868063909321e-08 1.211754816778248771e-07 1.541012612395056119e-07 1.947995035424627108e-07 2.447708591699535411e-07 3.057185512411622430e-07 3.795544499136241094e-07 4.683996869485046998e-07 5.745784307186977908e-07 7.006034241708349448e-07 8.491519404233551138e-07 1.023030946351720492e-06 1.225130494746162128e-06 1.458364697753895146e-06 1.725600070563156296e-06 2.029571570523549383e-06 2.372787281624978910e-06 2.757423387952562964e-06 3.185211814697757672e-06 3.657323656118719248e-06 4.174252214504074896e-06 4.735700095964071998e-06 5.340475298792317919e-06 5.986401540127679263e-06 6.670248152997539131e-06 7.387684712910003106e-06 8.133265097010173328e-06 8.900444930301177474e-06 9.681635340740654563e-06 1.046829465511927070e-05 1.125105816645463373e-05 1.201990445493236745e-05 1.276435502709714255e-05 1.347370234208676125e-05 1.413725971521232218e-05 1.474462522401945154e-05 1.528595067943020822e-05 1.575220604093163505e-05 1.613542940737996477e-05 1.642895293740339395e-05 1.662759575209036878e-05 1.672781602551989968e-05 1.672781602551989968e-05 1.662759575209036878e-05 1.642895293740339395e-05 1.613542940737996477e-05 1.575220604093163505e-05 1.528595067943020822e-05 1.474462522401945154e-05 1.413725971521232218e-05 1.347370234208676125e-05 1.276435502709716457e-05 1.201990445493236745e-05 1.125105816645463373e-05 1.046829465511927070e-05 9.681635340740654563e-06 8.900444930301177474e-06 8.133265097010173328e-06 7.387684712910003106e-06 6.670248152997539131e-06 5.986401540127679263e-06 5.340475298792317919e-06 4.735700095964071998e-06 4.174252214504074896e-06 3.657323656118719248e-06 3.185211814697763178e-06 2.757423387952562964e-06 2.372787281624978910e-06 2.029571570523549383e-06 1.725600070563156296e-06 1.458364697753895146e-06 1.225130494746164245e-06 1.023030946351720492e-06 8.491519404233551138e-07 7.006034241708349448e-07 5.745784307186977908e-07 4.683996869485038527e-07 3.795544499136241094e-07 3.057185512411628254e-07 2.447708591699535411e-07 1.947995035424627108e-07 1.541012612395056119e-07 1.211754816778248771e-07 9.471385868063874911e-08 7.358724093935206692e-08 5.683053225971057605e-08 4.362657722483126886e-08 3.328976833946912764e-08 2.524995559558406671e-08 1.903709505926408043e-08 1.426694386088381000e-08 1.062799741748877374e-08 7.869771851216797134e-09 5.792460195093847169e-09 4.237933991856174534e-09 3.082020563756896853e-09 2.227958464761050593e-09 1.600917169051260747e-09 1.143459661578061707e-09 8.118261727088579737e-10 5.729219517840484873e-10 4.019000785071248747e-10 2.802405220352045846e-10 1.942379069755765939e-10 1.338219210543858073e-10 9.164541547268888210e-11
1.314310271969341621e-10 1.919174293108672732e-10 2.785615352683987374e-10 4.019000785071234271e-10 5.763751506419977592e-10 8.216419799972351471e-10 1.164260615047103613e-09 1.639864657760757187e-09 2.295916133942554966e-09 3.195172045053491858e-09 4.420004278963145726e-09 6.077729200850709366e-09 8.307114867796245523e-09 1.128624048323702426e-08 1.524188209985458387e-08 2.046058798386637294e-08 2.730158345160623151e-08 3.621160516854817128e-08 4.774170563183547895e-08 6.256598683274726813e-08 8.150211543607632227e-08 1.055333386330662884e-07 1.358315598437253200e-07 1.737808481292322840e-07 2.210005481734873920e-07 2.793669352251277439e-07 3.510321305507101022e-07 4.384387698559630917e-07 5.443287148846082798e-07 6.717439347820974777e-07 8.240175786759949642e-07 1.004753235298527421e-06 1.217790450296667882e-06 1.467154766441398328e-06 1.756990882132680546e-06 2.091477999907816169e-06 2.474727062291560508e-06 2.910660341357690961e-06 3.402874744309793334e-06 3.954491192234879085e-06 4.567993483212398070e-06 5.245061113379717086e-06 5.986401540127679263e-06 6.791588263295737955e-06 7.658911802841890493e-06 8.585251096021923162e-06 9.565972960951588721e-06 1.059486702544551742e-05 1.166412286584674590e-05 1.276435502709716457e-05 1.388468011429208310e-05 1.501284829607776729e-05 1.613542940737999526e-05 1.723805147450666389e-05 1.830568702280225334e-05 1.932298009488457631e-05 2.027460464374137558e-05 2.114564300714208753e-05 2.192197164601094640e-05 2.259064034899121109e-05 2.314023075063198644e-05 2.356118032959860829e-05 2.384605905533671643e-05 2.398978750497996189e-05 2.398978750497996189e-05 2.384605905533671643e-05 2.356118032959860829e-05 2.314023075063198644e-05 2.259064034899121109e-05 2.192197164601094640e-05 2.114564300714208753e-05 2.027460464374137558e-05 1.932298009488457631e-05 1.830568702280228384e-05 1.723805147450666389e-05 1.613542940737999526e-05 1.501284829607776729e-05 1.388468011429208310e-05 1.276435502709716457e-05 1.166412286584674590e-05 1.059486702544551742e-05 9.565972960951588721e-06 8.585251096021923162e-06 7.658911802841890493e-06 6.791588263295737955e-06 5.986401540127679263e-06 5.245061113379717086e-06 4.567993483212406540e-06 3.954491192234879085e-06 3.402874744309793334e-06 2.910660341357690961e-06 2.474727062291560508e-06 2.091477999907816169e-06 1.756990882132683723e-06 1.467154766441398328e-06 1.217790450296667882e-06 1.004753235298527421e-06 8.240175786759949642e-07 6.717439347820962071e-07 5.443287148846082798e-07 4.384387698559638858e-07 3.510321305507101022e-07 2.793669352251277439e-07 2.210005481734873920e-07 1.737808481292322840e-07 1.358315598437248435e-07 1.055333386330662884e-07 8.150211543607603111e-08 6.256598683274749313e-08 4.774170563183565101e-08 3.621160516854830362e-08 2.730158345160632746e-08 2.046058798386637294e-08 1.524188209985458387e-08 1.128624048323702426e-08 8.307114867796245523e-09 6.077729200850709366e-09 4.420004278963145726e-09 3.195172045053491858e-09 2.295916133942546694e-09 1.639864657760751397e-09 1.164260615047103613e-09 8.216419799972380422e-10 5.763751506419997238e-10 4.019000785071248747e-10 2.785615352683987374e-10 1.919174293108672732e-10 1.314310271969341621e-10
1.873593080806401587e-10 2.735846894844784046e-10 3.970987491984349153e-10 5.729219517840464193e-10 8.216419799972351471e-10 1.171278016656025368e-09 1.659692295746238168e-09 2.337681704058980499e-09 3.272904940643191886e-09 4.554824201920188421e-09 6.300863358384536706e-09 8.664005463996354165e-09 1.184206900737826073e-08 1.608891182599176286e-08 2.172781073830079364e-08 2.916724984456095341e-08 3.891931680130793239e-08 5.162084960884168180e-08 6.805739196093684334e-08 8.918989870482739865e-08 1.161839809129019584e-07 1.504412902145561290e-07 1.936324139786384537e-07 2.477303887640868621e-07 3.150436443685700594e-07 3.982468736697959569e-07 5.004079972342190151e-07 6.250090736402345468e-07 7.759587181525371107e-07 9.575933591354925508e-07 1.174664511719042739e-06 1.432309211699655450e-06 1.736000859317009307e-06 2.091477999907816169e-06 2.504649039127737471e-06 2.981471569429766997e-06 3.527805876344834370e-06 4.149243289390177074e-06 4.850911319620580051e-06 5.637258944023498755e-06 6.511826899512450187e-06 7.477009363786052426e-06 8.533814840924898969e-06 9.681635340740671504e-06 1.091803394247973998e-05 1.223856146721758847e-05 1.363661315981718351e-05 1.510333592782090736e-05 1.662759575209039927e-05 1.819601335375054953e-05 1.979307409076896626e-05 2.140131542043035543e-05 2.300159219497638461e-05 2.457341668708623995e-05 2.609536673097681054e-05 2.754555189779424803e-05 2.890212439691354515e-05 3.014381860382192092e-05 3.125050094302110783e-05 3.220371045676736728e-05 3.298716988469139181e-05 3.358724753404162649e-05 3.399335164872080770e-05 3.419824134220476603e-05 3.419824134220476603e-05 3.399335164872080770e-05 3.358724753404162649e-05 3.298716988469139181e-05 3.220371045676736728e-05 3.125050094302110783e-05 3.014381860382192092e-05 2.890212439691354515e-05 2.754555189779424803e-05 2.609536673097685798e-05 2.457341668708623995e-05 2.300159219497638461e-05 2.140131542043035543e-05 1.979307409076896626e-05 1.819601335375054953e-05 1.662759575209039927e-05 1.510333592782090736e-05 1.363661315981718351e-05 1.223856146721758847e-05 1.091803394247973998e-05 9.681635340740671504e-06 8.533814840924898969e-06 7.477009363786052426e-06 6.511826899512462045e-06 5.637258944023498755e-06 4.850911319620580051e-06 4.149243289390177074e-06 3.527805876344834370e-06 2.981471569429766997e-06 2.504649039127741707e-06 2.091477999907816169e-06 1.736000859317009307e-06 1.432309211699655450e-06 1.174664511719042739e-06 9.575933591354908568e-07 7.759587181525371107e-07 6.250090736402356056e-07 5.004079972342190151e-07 3.982468736697959569e-07 3.150436443685700594e-07 2.477303887640868621e-07 1.936324139786377655e-07 1.504412902145558643e-07 1.161839809129017466e-07 8.918989870482771629e-08 6.805739196093708157e-08 5.162084960884186709e-08 3.891931680130807136e-08 2.916724984456095341e-08 2.172781073830079364e-08 1.608891182599176286e-08 1.184206900737826073e-08 8.664005463996354165e-09 6.300863358384536706e-09 4.554824201920188421e-09 3.272904940643179892e-09 2.337681704058972227e-09 1.659692295746238168e-09 1.171278016656029504e-09 8.216419799972380422e-10 5.729219517840484873e-10 3.970987491984349153e-10 2.735846894844784046e-10 1.873593080806401587e-10
2.654867552671775283e-10 3.876674836499244330e-10 5.626859936949175391e-10 8.118261727088521835e-10 1.164260615047103613e-09 1.659692295746238168e-09 2.351771720623318484e-09 3.312477702954307210e-09 4.637682119402868230e-09 6.454152241316683083e-09 8.928276825613542946e-09 1.227683172945691802e-08 1.678012428966544064e-08 2.279786918632219607e-08 3.078814728269626810e-08 4.132977753081134662e-08 5.514838435647624632e-08 7.314636250091104025e-08 9.643682157429294836e-08 1.263814274952463593e-07 1.646318425413598504e-07 2.131741967155423549e-07 2.743756999765065535e-07 3.510321305507101022e-07 4.464145164058762271e-07 5.643128775880490859e-07 7.090744348729122653e-07 8.856332395392544403e-07 1.099527770538783639e-06 1.356902714824598200e-06 1.664490934229794372e-06 2.029571570523553195e-06 2.459900391405900928e-06 2.963608873220360056e-06 3.549069183127436269e-06 4.224723185615988730e-06 4.998874861985310949e-06 5.879447084850414408e-06 6.873705499491894562e-06 7.987954273430210620e-06 9.227210604711480853e-06 1.059486702544553606e-05 1.209235257846336024e-05 1.371880574616017153e-05 1.547077342983301564e-05 1.734195117581800234e-05 1.932298009488461020e-05 2.140131542043035543e-05 2.356118032959864895e-05 2.578361648307475712e-05 2.804663974772695034e-05 3.032550582954769689e-05 3.259308619561519126e-05 3.482034988768710335e-05 3.697694185512401651e-05 3.903184352197499273e-05 4.095409673034439808e-05 4.271356824741615168e-05 4.428172894546383712e-05 4.563241978376144178e-05 4.674257600462827919e-05 4.759288160015161278e-05 4.816832813019762493e-05 4.845865531206003049e-05 4.845865531206003049e-05 4.816832813019762493e-05 4.759288160015161278e-05 4.674257600462827919e-05 4.563241978376144178e-05 4.428172894546383712e-05 4.271356824741615168e-05 4.095409673034439808e-05 3.903184352197499273e-05 3.697694185512408427e-05 3.482034988768710335e-05 3.259308619561519126e-05 3.032550582954769689e-05 2.804663974772695034e-05 2.578361648307475712e-05 2.356118032959864895e-05 2.140131542043035543e-05 1.932298009488461020e-05 1.734195117581800234e-05 1.547077342983301564e-05 1.371880574616017153e-05 1.209235257846336024e-05 1.059486702544553606e-05 9.227210604711497794e-06 7.987954273430210620e-06 6.873705499491894562e-06 5.879447084850414408e-06 4.998874861985310949e-06 4.224723185615988730e-06 3.549069183127436269e-06 2.963608873220365562e-06 2.459900391405900928e-06 2.029571570523553195e-06 1.664490934229794372e-06 1.356902714824598200e-06 1.099527770538785545e-06 8.856332395392560285e-07 7.090744348729122653e-07 5.643128775880490859e-07 4.464145164058762271e-07 3.510321305507101022e-07 2.743756999765065535e-07 2.131741967155423549e-07 1.646318425413592416e-07 1.263814274952465711e-07 9.643682157429294836e-08 7.314636250091130495e-08 5.514838435647644484e-08 4.132977753081134662e-08 3.078814728269626810e-08 2.279786918632219607e-08 1.678012428966544064e-08 1.227683172945691802e-08 8.928276825613542946e-09 6.454152241316683083e-09 4.637682119402835970e-09 3.312477702954283635e-09 2.351771720623326755e-09 1.659692295746238168e-09 1.164260615047103613e-09 8.118261727088579737e-10 5.626859936949175391e-10 3.876674836499244330e-10 2.654867552671775283e-10
3.739389114769733840e-10 5.460308432531123843e-10 7.925449530386793729e-10 1.143459661578065843e-09 1.639864657760757187e-09 2.337681704058980499e-09 3.312477702954307210e-09 4.665635034365166941e-09 6.532189531490832308e-09 9.090693285982537766e-09 1.257550537379957431e-08 1.729195525659670257e-08 2.363485668055686347e-08 3.211086887912149320e-08 4.336520015734107737e-08 5.821311878968793439e-08 7.767666901206056302e-08 1.030268765933886932e-07 1.358315598437253200e-07 1.780086293981723679e-07 2.318844566555124718e-07 3.002565118345219128e-07 3.864590174439939338e-07 4.944298357161907071e-07 6.287762196058985941e-07 7.948364240067299817e-07 9.987335227540343558e-07 1.247417142251981758e-06 1.548688247141374166e-06 1.911201647897764881e-06 2.344440601124515277e-06 2.858657800395422154e-06 3.464777268374051837e-06 4.174252214504090143e-06 4.998874861985310949e-06 5.950535602918955580e-06 7.040930620509527915e-06 8.281219305207405813e-06 9.681635340740688445e-06 1.125105816645465237e-05 1.299655452123102388e-05 1.492290279698251530e-05 1.703211580493254695e-05 1.932298009488461020e-05 2.179063196669322650e-05 2.442619157797937111e-05 2.721647690447205769e-05 3.014381860382197513e-05 3.318599497250334886e-05 3.631630313127224267e-05 3.950377836098562082e-05 4.271356824741615168e-05 4.590746216849141766e-05 4.904456993022284807e-05 5.208213635040743274e-05 5.497647166939978263e-05 5.768397122657114830e-05 6.016219227080525205e-05 6.237095143793891950e-05 6.427340363863960149e-05 6.583706209076299175e-05 6.703472013774459796e-05 6.784523834548741514e-05 6.825416507423721208e-05 6.825416507423721208e-05 6.784523834548741514e-05 6.703472013774459796e-05 6.583706209076299175e-05 6.427340363863960149e-05 6.237095143793891950e-05 6.016219227080525205e-05 5.768397122657114830e-05 5.497647166939978263e-05 5.208213635040752761e-05 4.904456993022284807e-05 4.590746216849141766e-05 4.271356824741615168e-05 3.950377836098562082e-05 3.631630313127224267e-05 3.318599497250334886e-05 3.014381860382197513e-05 2.721647690447205769e-05 2.442619157797937111e-05 2.179063196669322650e-05 1.932298009488461020e-05 1.703211580493254695e-05 1.492290279698251530e-05 1.299655452123104760e-05 1.125105816645465237e-05 9.681635340740688445e-06 8.281219305207405813e-06 7.040930620509527915e-06 5.950535602918955580e-06 4.998874861985319419e-06 4.174252214504090143e-06 3.464777268374051837e-06 2.858657800395422154e-06 2.344440601124515277e-06 1.911201647897761492e-06 1.548688247141374166e-06 1.247417142251984087e-06 9.987335227540343558e-07 7.948364240067299817e-07 6.287762196058985941e-07 4.944298357161907071e-07 3.864590174439925574e-07 3.002565118345213834e-07 2.318844566555120482e-07 1.780086293981730032e-07 1.358315598437257964e-07 1.030268765933890637e-07 7.767666901206084096e-08 5.821311878968793439e-08 4.336520015734107737e-08 3.211086887912149320e-08 2.363485668055686347e-08 1.729195525659670257e-08 1.257550537379957431e-08 9.090693285982537766e-09 6.532189531490809147e-09 4.665635034365150397e-09 3.312477702954307210e-09 2.337681704058988770e-09 1.639864657760762978e-09 1.143459661578069772e-09 7.925449530386793729e-10 5.460308432531123843e-10 3.739389114769733840e-10
5.235385590547637874e-10 7.644783468697541975e-10 1.109613976949136634e-09 1.600917169051266331e-09 2.295916133942554966e-09 3.272904940643191886e-09 4.637682119402868230e-09 6.532189531490832308e-09 9.145486040170793526e-09 1.272755607313999860e-08 1.760651743029392006e-08 2.420985102224526090e-08 3.309032152105024650e-08 4.495728448417151834e-08 6.071407309237407507e-08 8.150211543607632227e-08 1.087523392687957866e-07 1.442442625255840515e-07 1.901729318135534467e-07 2.492235455420674690e-07 3.246531734959587623e-07 4.203784541484795418e-07 5.410675137476495045e-07 6.922336130308755973e-07 8.803272028582260214e-07 1.112822183883233295e-06 1.398291253822974196e-06 1.746464337223779162e-06 2.168263286992454604e-06 2.675805395195146704e-06 3.282367831831790163e-06 4.002305028215388428e-06 4.850911319620588521e-06 5.844221936895701600e-06 6.998746751981246462e-06 8.331133079602220926e-06 9.857756329520450249e-06 1.159424036707063269e-05 1.355491300855749611e-05 1.575220604093168926e-05 1.819601335375058341e-05 2.089302500343728994e-05 2.384605905533676047e-05 2.705341660102339633e-05 3.050828814705405857e-05 3.419824134220488801e-05 3.810482050352757464e-05 4.220328741376500417e-05 4.646253025682488209e-05 5.084516328200592948e-05 5.530783388827060013e-05 5.980174645108200169e-05 6.427340363863970991e-05 6.866555654588676276e-05 7.291834516415417124e-05 7.697060101616350352e-05 8.076127476874032072e-05 8.423094383685871054e-05 8.732334892273959596e-05 8.998690452836352128e-05 9.217612706646488693e-05 9.385292546564862320e-05 9.498770315672464969e-05 9.556022691330040531e-05 9.556022691330040531e-05 9.498770315672464969e-05 9.385292546564862320e-05 9.217612706646488693e-05 8.998690452836352128e-05 8.732334892273959596e-05 8.423094383685871054e-05 8.076127476874032072e-05 7.697060101616350352e-05 7.291834516415430676e-05 6.866555654588676276e-05 6.427340363863970991e-05 5.980174645108200169e-05 5.530783388827060013e-05 5.084516328200592948e-05 4.646253025682488209e-05 4.220328741376500417e-05 3.810482050352757464e-05 3.419824134220488801e-05 3.050828814705405857e-05 2.705341660102339633e-05 2.384605905533676047e-05 2.089302500343728994e-05 1.819601335375061729e-05 1.575220604093168926e-05 1.355491300855749611e-05 1.159424036707063269e-05 9.857756329520450249e-06 8.331133079602220926e-06 6.998746751981259168e-06 5.844221936895701600e-06 4.850911319620588521e-06 4.002305028215388428e-06 3.282367831831790163e-06 2.675805395195142046e-06 2.168263286992454604e-06 1.746464337223782338e-06 1.398291253822974196e-06 1.112822183883233295e-06 8.803272028582260214e-07 6.922336130308755973e-07 5.410675137476474928e-07 4.203784541484788006e-07 3.246531734959581800e-07 2.492235455420683689e-07 1.901729318135541085e-07 1.442442625255845545e-07 1.087523392687961704e-07 8.150211543607632227e-08 6.071407309237407507e-08 4.495728448417151834e-08 3.309032152105024650e-08 2.420985102224526090e-08 1.760651743029392006e-08 1.272755607313999860e-08 9.145486040170760438e-09 6.532189531490809147e-09 4.637682119402868230e-09 3.272904940643203466e-09 2.295916133942563238e-09 1.600917169051272121e-09 1.109613976949136634e-09 7.644783468697541975e-10 5.235385590547637874e-10
7.285961989939227359e-10 1.063906388763615565e-09 1.544223461621102335e-09 2.227958464761050593e-09 3.195172045053491858e-09 4.554824201920188421e-09 6.454152241316683083e-09 9.090693285982537766e-09 1.272755607313999860e-08 1.771263800342509512e-08 2.450257283893877684e-08 3.369227562696469504e-08 4.605101585497943454e-08 6.256598683274726813e-08 8.449433592897161876e-08 1.134245615526431067e-07 1.513480519295499567e-07 2.007413199756862966e-07 2.646591600073372235e-07 3.468384989819727654e-07 4.518121236906395291e-07 5.850307270289995313e-07 7.529908296103035548e-07 9.633651056776669174e-07 1.225130494746162128e-06 1.548688247141368661e-06 1.945968783008582594e-06 2.430513007632322509e-06 3.017520604734523365e-06 3.723854922370069751e-06 4.567993483212389599e-06 5.569913008961327752e-06 6.750898263374046546e-06 8.133265097010173328e-06 9.739989907183131747e-06 1.159424036707059204e-05 1.371880574616012240e-05 1.613542940737996477e-05 1.886405103295401043e-05 2.192197164601090913e-05 2.532296033805326013e-05 2.907632750197693084e-05 3.318599497250323367e-05 3.764959841905914979e-05 4.245766123108001217e-05 4.759288160015152469e-05 5.302957518991792890e-05 5.873331440999130957e-05 6.466080168360946521e-05 7.076000814797635979e-05 7.697060101616323246e-05 8.322467257449696549e-05 8.944777185478818612e-05 9.556022691330006650e-05 1.014787319953109024e-04 1.071181603813603869e-04 1.123935511620126966e-04 1.172222073346584448e-04 1.215258341685448258e-04 1.252326413492238337e-04 1.282793304467610420e-04 1.306128910202747362e-04 1.321921342261884568e-04 1.329889019630824641e-04 1.329889019630824641e-04 1.321921342261884568e-04 1.306128910202747362e-04 1.282793304467610420e-04 1.252326413492238337e-04 1.215258341685448258e-04 1.172222073346584448e-04 1.123935511620126966e-04 1.071181603813603869e-04 1.014787319953110921e-04 9.556022691330006650e-05 8.944777185478818612e-05 8.322467257449696549e-05 7.697060101616323246e-05 7.076000814797635979e-05 6.466080168360946521e-05 5.873331440999130957e-05 5.302957518991792890e-05 4.759288160015152469e-05 4.245766123108001217e-05 3.764959841905914979e-05 3.318599497250323367e-05 2.907632750197693084e-05 2.532296033805330417e-05 2.192197164601090913e-05 1.886405103295401043e-05 1.613542940737996477e-05 1.371880574616012240e-05 1.159424036707059204e-05 9.739989907183150381e-06 8.133265097010173328e-06 6.750898263374046546e-06 5.569913008961327752e-06 4.567993483212389599e-06 3.723854922370062974e-06 3.017520604734523365e-06 2.430513007632326744e-06 1.945968783008582594e-06 1.548688247141368661e-06 1.225130494746162128e-06 9.633651056776669174e-07 7.529908296103009078e-07 5.850307270289984725e-07 4.518121236906387350e-07 3.468384989819739830e-07 2.646591600073381764e-07 2.007413199756870113e-07 1.513480519295504861e-07 1.134245615526433052e-07 8.449433592897161876e-08 6.256598683274726813e-08 4.605101585497943454e-08 3.369227562696469504e-08 2.450257283893877684e-08 1.771263800342509512e-08 1.272755607313995394e-08 9.090693285982506333e-09 6.454152241316683083e-09 4.554824201920204965e-09 3.195172045053503025e-09 2.227958464761058451e-09 1.544223461621102335e-09 1.063906388763615565e-09 7.285961989939227359e-10
1.007895121696180354e-09 1.471742593026066651e-09 2.136183658281321065e-09 3.082020563756896853e-09 4.420004278963145726e-09 6.300863358384536706e-09 8.928276825613542946e-09 1.257550537379957431e-08 1.760651743029392006e-08 2.450257283893877684e-08 3.389535063108090391e-08 4.660781965394826121e-08 6.370413995225135401e-08 8.654993396878730201e-08 1.168842619702976652e-07 1.569045548512268303e-07 2.093655764724706575e-07 2.776931823220156112e-07 3.661131867719631738e-07 4.797950244910254200e-07 6.250090736402345468e-07 8.092954871698646901e-07 1.041641151702625048e-06 1.332659972376477373e-06 1.694770094602413007e-06 2.142359967671223808e-06 2.691933400250645986e-06 3.362222046991719625e-06 4.174252214504074896e-06 5.151351620203014078e-06 6.319080931285672613e-06 7.705074714575954983e-06 9.338777001743159772e-06 1.125105816645461340e-05 1.347370234208678496e-05 1.603875826126959086e-05 1.897775119626677240e-05 2.232075957660470161e-05 2.609536673097681054e-05 3.032550582954758847e-05 3.503022418573263565e-05 4.022240122381907701e-05 4.590746216849125503e-05 5.208213635040734465e-05 5.873331440999141799e-05 6.583706209076274781e-05 7.335784926320345874e-05 8.124805091849249099e-05 8.944777185478818612e-05 9.788503854673877400e-05 1.064763903316234567e-04 1.151278878594550484e-04 1.237365402448195519e-04 1.321921342261884568e-04 1.403794297516521440e-04 1.481806677587991638e-04 1.554783185565972701e-04 1.621579842033273565e-04 1.681113565891073126e-04 1.732391254130919659e-04 1.774537275246221941e-04 1.806818315436586918e-04 1.828664593600131966e-04 1.839686587898884567e-04 1.839686587898884567e-04 1.828664593600131966e-04 1.806818315436586918e-04 1.774537275246221941e-04 1.732391254130919659e-04 1.681113565891073126e-04 1.621579842033273565e-04 1.554783185565972701e-04 1.481806677587991638e-04 1.403794297516523879e-04 1.321921342261884568e-04 1.237365402448195519e-04 1.151278878594550484e-04 1.064763903316234567e-04 9.788503854673877400e-05 8.944777185478818612e-05 8.124805091849249099e-05 7.335784926320345874e-05 6.583706209076274781e-05 5.873331440999141799e-05 5.208213635040734465e-05 4.590746216849125503e-05 4.022240122381907701e-05 3.503022418573270341e-05 3.032550582954758847e-05 2.609536673097681054e-05 2.232075957660470161e-05 1.897775119626677240e-05 1.603875826126959086e-05 1.347370234208678496e-05 1.125105816645463373e-05 9.338777001743159772e-06 7.705074714575954983e-06 6.319080931285672613e-06 5.151351620203014078e-06 4.174252214504082519e-06 3.362222046991725554e-06 2.691933400250645986e-06 2.142359967671223808e-06 1.694770094602413007e-06 1.332659972376477373e-06 1.041641151702625048e-06 8.092954871698646901e-07 6.250090736402323234e-07 4.797950244910262671e-07 3.661131867719644973e-07 2.776931823220165641e-07 2.093655764724713986e-07 1.569045548512270950e-07 1.168842619702976652e-07 8.654993396878730201e-08 6.370413995225135401e-08 4.660781965394826121e-08 3.389535063108090391e-08 2.450257283893877684e-08 1.760651743029392006e-08 1.257550537379957431e-08 8.928276825613574379e-09 6.300863358384581374e-09 4.420004278963177159e-09 3.082020563756908020e-09 2.136183658281321065e-09 1.471742593026066651e-09 1.007895121696180354e-09
1.385906715448890416e-09 2.023720424059989727e-09 2.937360459153693586e-09 4.237933991856174534e-09 6.077729200850709366e-09 8.664005463996354165e-09 1.227683172945691802e-08 1.729195525659670257e-08 2.420985102224526090e-08 3.369227562696469504e-08 4.660781965394826121e-08 6.408810684799493705e-08 8.759641103643976205e-08 1.190105320751399378e-07 1.607217656955316510e-07 2.157516904009617852e-07 2.878882456824623390e-07 3.818421559246970991e-07 5.034241293952881346e-07 6.597423999453781020e-07 8.594190543523629119e-07 1.112822183883229272e-06 1.432309211699655450e-06 1.832474793625635442e-06 2.330394507018414750e-06 2.945853196618035133e-06 3.701544433184723252e-06 4.623225188265933136e-06 5.739807695787683195e-06 7.083368745810781882e-06 8.689055547164110257e-06 1.059486702544551742e-05 1.284129021183707644e-05 1.547077342983296143e-05 1.852702146869442744e-05 2.205410295502488257e-05 2.609536673097681054e-05 3.069217215683822723e-05 3.588244770318881852e-05 4.169910268820954056e-05 4.816832813019754361e-05 5.530783388827049848e-05 6.312507992047464655e-05 7.161556889121695559e-05 8.076127476874032072e-05 9.052928674112407676e-05 1.008707490851489734e-04 1.117201750074695835e-04 1.229952055793951521e-04 1.345968735671606220e-04 1.464104163427398819e-04 1.583066625536880051e-04 1.701439945290263937e-04 1.817708634657140933e-04 1.930288084699613969e-04 2.037559048812676433e-04 2.137905434363673288e-04 2.229754211855296080e-04 2.311616090054837292e-04 2.382125502149918563e-04 2.440078410578376295e-04 2.484466471814561440e-04 2.514506208055638159e-04 2.529662007094107649e-04 2.529662007094107649e-04 2.514506208055638159e-04 2.484466471814561440e-04 2.440078410578376295e-04 2.382125502149918563e-04 2.311616090054837292e-04 2.229754211855296080e-04 2.137905434363673288e-04 2.037559048812676433e-04 1.930288084699617493e-04 1.817708634657140933e-04 1.701439945290263937e-04 1.583066625536880051e-04 1.464104163427398819e-04 1.345968735671606220e-04 1.229952055793951521e-04 1.117201750074695835e-04 1.008707490851489734e-04 9.052928674112407676e-05 8.076127476874032072e-05 7.161556889121695559e-05 6.312507992047464655e-05 5.530783388827049848e-05 4.816832813019762493e-05 4.169910268820954056e-05 3.588244770318881852e-05 3.069217215683822723e-05 2.609536673097681054e-05 2.205410295502488257e-05 1.852702146869442744e-05 1.547077342983298854e-05 1.284129021183707644e-05 1.059486702544551742e-05 8.689055547164110257e-06 7.083368745810781882e-06 5.739807695787693360e-06 4.623225188265941606e-06 3.701544433184723252e-06 2.945853196618035133e-06 2.330394507018414750e-06 1.832474793625635442e-06 1.432309211699655450e-06 1.112822183883229272e-06 8.594190543523598414e-07 6.597423999453792667e-07 5.034241293952899345e-07 3.818421559246984755e-07 2.878882456824633978e-07 2.157516904009621823e-07 1.607217656955316510e-07 1.190105320751399378e-07 8.759641103643976205e-08 6.408810684799493705e-08 4.660781965394826121e-08 3.369227562696469504e-08 2.420985102224526090e-08 1.729195525659670257e-08 1.227683172945696269e-08 8.664005463996415376e-09 6.077729200850752380e-09 4.237933991856189423e-09 2.937360459153693586e-09 2.023720424059989727e-09 1.385906715448890416e-09
